9 10 1421
10548 13725.0 14391 21204 5580
major : 904567, -1156, 2412, 59.18, 232750, 3
major : 548255, 727, 812, 62.26, 210250, 2
regional : 406156, 1535, 1094, 70.95, 189600, 2
major : 674987, -525, 716, 61.82, 159250, 1
hub : 221876, 229, -2459, 62.59, 258300, 2
hub : 276444, 253, -3352, 43.56, 248700, 2
hub : 639475, -2479, 466, 48.95, 266700, 3
major : 104371, -1504, -3068, 70.51, 137250, 1
regional : 387304, -1577, 2554, 66.33, 102800, 2
regional : 391359, 1704, -197, 72.49, 101000, 2
economy : 8169384273, 76, 2, [904567, 548255, 104371, 639475]
economy : 2940923158, 143, 7, [104371, 548255, 406156, 674987]
economy : 7422609080, 74, 8, [104371, 387304]
economy : 5385901887, 85, 0, [104371, 904567]
economy : 5313852236, 150, 10, [548255, 221876, 639475]
economy : 2921343953, 166, 1, [104371, 406156, 221876]
economy : 5336492947, 141, 0, [276444, 904567, 548255, 387304]
economy : 6366776765, 46, 1, [276444, 387304, 391359]
economy : 7397489553, 70, 6, [104371, 406156, 221876, 548255]
economy : 4555549257, 55, 1, [406156, 391359, 548255, 639475]
business : 6662255190, 176, 0, [548255, 104371, 674987]
business : 7782061466, 164, 2, [406156, 387304, 639475]
economy : 9712993792, 121, 1, [639475, 387304, 406156]
economy : 8373728647, 106, 6, [548255, 221876]
economy : 1809699487, 99, 9, [674987, 387304, 639475]
economy : 8368027622, 81, 0, [548255, 639475, 221876]
economy : 3730853270, 44, 0, [221876, 548255, 387304]
economy : 1332813763, 67, 8, [548255, 387304, 406156]
business : 8137026674, 142, 1, [391359, 674987, 639475, 387304]
economy : 6886814229, 189, 9, [674987, 391359, 104371]
economy : 7974387446, 146, 3, [548255, 406156]
economy : 2925992824, 83, 2, [904567, 391359, 276444]
first : 4647382344, 56, 2, [548255, 674987, 276444]
economy : 7359073593, 80, 3, [221876, 548255, 387304]
economy : 4508302846, 159, 0, [387304, 221876, 548255]
economy : 9519862867, 79, 1, [674987, 548255, 276444, 221876]
economy : 6302848500, 68, 1, [221876, 674987, 904567, 548255]
economy : 2977780594, 66, 6, [276444, 674987]
economy : 5312306991, 192, 2, [276444, 221876, 104371, 406156]
economy : 5751442779, 184, 5, [639475, 391359]
economy : 1213834074, 164, 2, [639475, 387304]
economy : 5575230187, 140, 2, [221876, 391359]
economy : 3959678856, 172, 2, [639475, 406156, 276444, 548255]
economy : 2258366478, 121, 2, [639475, 391359, 221876, 674987]
first : 8357738990, 122, 0, [674987, 548255, 104371]
business : 7111771507, 155, 2, [391359, 548255, 221876, 387304]
economy : 2341013441, 172, 5, [548255, 639475, 276444]
economy : 6188227254, 192, 2, [904567, 674987, 406156, 391359]
economy : 6239848696, 68, 1, [391359, 104371, 639475, 276444]
economy : 4613697592, 136, 1, [221876, 104371]
economy : 4280471179, 188, 2, [904567, 104371, 276444, 406156]
business : 1760159623, 66, 2, [406156, 639475, 674987]
economy : 6564099159, 140, 3, [387304, 391359, 276444]
economy : 1539380087, 180, 3, [387304, 104371, 904567, 639475]
business : 9245190297, 182, 1, [548255, 221876, 387304, 276444]
first : 4583044172, 78, 1, [387304, 104371, 904567, 406156]
economy : 6920687128, 147, 1, [387304, 674987, 276444, 391359]
economy : 6876593636, 188, 1, [276444, 221876, 904567, 548255]
economy : 1799406380, 81, 1, [548255, 387304, 391359]
economy : 9437913994, 61, 4, [221876, 104371, 904567, 548255]
economy : 5298827034, 72, 1, [674987, 276444, 387304]
economy : 1115045399, 48, 0, [221876, 904567, 104371, 391359]
first : 1461168616, 198, 1, [406156, 904567]
economy : 2111681718, 123, 2, [387304, 548255, 221876]
business : 2774018451, 44, 4, [639475, 548255, 406156, 674987]
economy : 2864113552, 136, 1, [276444, 104371, 674987, 406156]
economy : 7238384884, 72, 1, [548255, 904567]
economy : 8766226775, 122, 2, [548255, 904567]
economy : 5760247030, 139, 1, [221876, 406156]
economy : 8792838393, 40, 5, [104371, 221876, 391359, 276444]
business : 2012052988, 184, 1, [387304, 221876, 639475]
first : 8540047775, 165, 1, [104371, 391359]
economy : 3712781768, 118, 2, [904567, 639475]
economy : 4305499364, 55, 3, [276444, 221876]
first : 7040033728, 184, 2, [104371, 674987, 548255]
economy : 1231428460, 167, 1, [221876, 548255, 276444]
economy : 5142044392, 96, 6, [276444, 387304, 104371, 391359]
economy : 8872680593, 64, 0, [639475, 387304]
first : 3489893936, 51, 1, [104371, 387304]
economy : 1490362388, 63, 1, [548255, 104371, 639475]
economy : 6506287619, 50, 1, [104371, 387304, 674987, 639475]
economy : 7961210976, 138, 8, [639475, 548255]
economy : 4201945372, 93, 1, [904567, 276444, 406156, 548255]
economy : 7586418636, 94, 2, [221876, 639475, 104371]
business : 7635776398, 89, 10, [104371, 904567, 387304]
economy : 7916839321, 52, 0, [221876, 674987, 391359]
business : 9611616870, 125, 2, [221876, 674987]
economy : 5807976078, 104, 3, [548255, 387304, 104371]
economy : 7671509806, 99, 3, [548255, 639475, 674987, 904567]
first : 5461979229, 64, 0, [104371, 904567, 387304]
economy : 4469637206, 102, 2, [104371, 276444, 406156, 548255]
economy : 5484520503, 69, 1, [391359, 276444, 674987]
economy : 6759210838, 56, 2, [276444, 387304, 104371, 674987]
first : 6568695798, 125, 2, [904567, 639475, 674987, 276444]
economy : 9921759426, 121, 3, [406156, 674987]
economy : 3484966671, 141, 1, [674987, 104371, 276444, 639475]
economy : 9754814881, 145, 1, [276444, 391359, 104371, 639475]
business : 6702195360, 42, 2, [221876, 104371, 406156]
business : 8972032471, 169, 4, [221876, 904567]
economy : 6890666784, 85, 1, [548255, 276444, 387304]
business : 9996315919, 40, 1, [548255, 276444, 391359]
economy : 8595202339, 75, 8, [387304, 904567]
luxury : 2574168256, 189, 1, [387304, 548255, 391359]
economy : 4087605080, 58, 2, [904567, 104371, 276444]
business : 7828814889, 180, 1, [904567, 387304]
first : 3814770990, 110, 2, [548255, 387304, 639475]
economy : 8789685897, 80, 1, [387304, 391359]
economy : 8938250717, 57, 2, [406156, 904567]
economy : 4040352711, 198, 1, [674987, 406156]
business : 3224475532, 190, 10, [639475, 904567, 276444]
business : 1848098136, 155, 4, [639475, 221876, 406156]
economy : 6996813573, 117, 3, [276444, 904567, 104371]
first : 9631920770, 162, 10, [904567, 276444, 639475]
economy : 6402098526, 131, 0, [387304, 104371, 639475, 406156]
economy : 2278822804, 168, 2, [904567, 674987, 104371, 221876]
economy : 6160457249, 119, 5, [391359, 104371]
economy : 3974177567, 133, 2, [391359, 904567, 276444]
economy : 7723604818, 112, 2, [387304, 904567, 639475]
first : 9871817959, 144, 0, [276444, 104371, 221876, 391359]
economy : 7672631310, 168, 2, [674987, 406156, 639475, 548255]
business : 7900495237, 133, 2, [276444, 221876, 391359]
economy : 5969477330, 180, 2, [674987, 639475]
business : 7351089581, 89, 2, [406156, 674987]
economy : 4327688396, 198, 2, [639475, 391359, 406156]
business : 2003289087, 80, 0, [221876, 406156]
business : 1812027289, 121, 2, [406156, 387304, 104371, 904567]
luxury : 4163091086, 59, 1, [674987, 221876, 639475, 548255]
economy : 6517944028, 186, 2, [387304, 674987, 639475, 904567]
economy : 4626352377, 138, 2, [387304, 276444, 674987, 548255]
economy : 9193883228, 183, 2, [276444, 904567, 674987]
economy : 2339496407, 79, 1, [674987, 548255, 221876]
business : 3223641109, 67, 3, [674987, 639475, 406156]
business : 5037750439, 119, 0, [674987, 391359, 548255]
business : 5405038477, 170, 0, [639475, 221876]
economy : 5627620200, 149, 5, [548255, 104371]
economy : 1734637626, 71, 1, [639475, 548255]
economy : 3093457221, 108, 0, [406156, 674987]
economy : 8243010521, 112, 2, [276444, 406156, 104371]
economy : 5674202028, 79, 2, [904567, 276444, 548255, 387304]
first : 3480936164, 185, 2, [548255, 406156, 221876, 104371]
economy : 6669521981, 126, 2, [391359, 406156, 904567, 674987]
economy : 4714387447, 58, 5, [406156, 674987, 548255, 276444]
business : 3193002163, 87, 0, [904567, 674987, 104371]
economy : 2135749851, 122, 2, [406156, 674987, 391359, 548255]
economy : 9504189242, 63, 1, [904567, 674987, 639475]
economy : 4552716686, 64, 2, [639475, 391359, 221876]
first : 1821867412, 73, 2, [387304, 639475, 391359]
economy : 7320930255, 113, 9, [674987, 639475]
economy : 5782563020, 145, 1, [221876, 387304]
business : 4425300092, 64, 4, [221876, 674987, 548255]
economy : 5649287162, 116, 1, [221876, 406156, 674987]
business : 8855861697, 54, 0, [104371, 639475, 904567, 548255]
business : 6711382594, 104, 3, [548255, 276444]
economy : 3646785910, 73, 3, [904567, 406156, 674987]
economy : 6838395834, 64, 1, [391359, 904567, 406156]
economy : 6469181886, 182, 1, [639475, 406156]
economy : 2658788154, 137, 1, [639475, 391359]
economy : 5384694015, 118, 3, [674987, 639475, 276444]
economy : 4262099192, 178, 1, [391359, 387304]
economy : 5407092177, 183, 2, [406156, 674987]
business : 7709677092, 81, 2, [221876, 406156, 548255, 276444]
economy : 2346840932, 76, 4, [387304, 639475]
economy : 3661718249, 99, 1, [904567, 391359]
economy : 6175561582, 154, 1, [674987, 276444]
economy : 6950373567, 55, 3, [406156, 276444, 639475, 548255]
economy : 5391133433, 173, 2, [391359, 104371, 904567]
economy : 3983507964, 89, 3, [674987, 387304]
economy : 1664582698, 71, 1, [387304, 276444, 104371, 221876]
economy : 2811470772, 186, 2, [221876, 639475]
economy : 6739623352, 134, 1, [387304, 639475]
business : 8203169240, 46, 7, [639475, 221876]
economy : 7161485573, 98, 2, [639475, 674987]
economy : 8063759336, 54, 2, [674987, 276444, 104371]
business : 6067518004, 122, 1, [104371, 674987]
business : 1719080280, 124, 0, [104371, 548255]
economy : 7762551934, 186, 1, [391359, 548255, 276444]
economy : 8036250733, 82, 1, [406156, 904567]
economy : 6276510558, 76, 2, [221876, 391359, 387304, 406156]
economy : 7705180993, 49, 5, [639475, 387304]
economy : 2103075128, 163, 1, [406156, 276444]
economy : 3890303475, 107, 0, [276444, 391359]
first : 9730575540, 163, 4, [904567, 391359]
economy : 7717928257, 70, 2, [221876, 406156, 548255, 639475]
economy : 6159099328, 132, 2, [391359, 548255, 221876]
economy : 6711568848, 94, 1, [548255, 276444, 674987, 639475]
economy : 5576553157, 146, 3, [406156, 904567, 221876, 639475]
business : 8893382760, 78, 2, [391359, 904567, 104371, 387304]
economy : 8001976507, 78, 2, [406156, 639475, 904567]
business : 9787496215, 196, 1, [904567, 674987]
business : 9313403102, 176, 10, [276444, 221876, 904567]
economy : 5098616396, 192, 0, [639475, 221876, 548255]
economy : 9864003776, 103, 4, [674987, 406156, 221876]
economy : 7574323018, 72, 4, [387304, 276444, 639475]
business : 3530310488, 139, 1, [548255, 904567]
economy : 2061667034, 88, 5, [104371, 904567, 406156, 639475]
economy : 3984417370, 145, 2, [904567, 221876, 391359]
economy : 5135794183, 172, 3, [904567, 276444]
economy : 5306228043, 139, 8, [406156, 221876, 904567, 391359]
economy : 5640770980, 47, 7, [104371, 276444, 387304, 406156]
business : 9761835832, 52, 2, [276444, 548255, 406156, 387304]
economy : 4656281327, 165, 3, [406156, 904567, 276444, 639475]
business : 3626303560, 175, 2, [639475, 276444]
economy : 6799350647, 197, 3, [104371, 406156, 221876, 276444]
economy : 3739616426, 79, 8, [406156, 276444, 104371]
economy : 3510596585, 55, 2, [391359, 387304, 276444, 904567]
first : 3957804103, 189, 3, [391359, 639475, 406156, 221876]
economy : 2628634515, 59, 1, [391359, 639475, 904567]
economy : 2043216658, 169, 2, [276444, 639475]
economy : 4499223112, 101, 1, [221876, 391359, 548255]
economy : 4552641363, 104, 1, [276444, 104371, 221876, 406156]
business : 1002898537, 112, 1, [406156, 904567, 391359, 548255]
economy : 7011518421, 45, 9, [904567, 391359]
luxury : 8520061340, 68, 2, [406156, 276444, 639475]
economy : 3438402740, 122, 3, [387304, 276444, 674987]
economy : 6654707927, 120, 3, [276444, 387304, 548255]
first : 2946555940, 187, 1, [104371, 548255, 639475]
economy : 8920471824, 41, 4, [104371, 904567]
economy : 9970914784, 150, 1, [387304, 221876, 904567]
economy : 9242998021, 173, 8, [674987, 104371]
business : 1535965581, 140, 6, [674987, 406156]
first : 9096339765, 87, 2, [104371, 406156, 387304]
business : 1944184625, 76, 5, [674987, 276444]
first : 4435128529, 59, 1, [674987, 104371, 391359]
economy : 5716267651, 122, 1, [548255, 276444, 639475]
economy : 9998026688, 163, 1, [104371, 904567, 276444, 221876]
economy : 5407535723, 97, 6, [391359, 221876]
business : 1662620492, 121, 5, [391359, 639475, 221876, 406156]
economy : 3021262362, 92, 1, [276444, 391359]
business : 7959370830, 94, 0, [639475, 104371, 904567]
business : 6342577110, 50, 6, [276444, 104371, 406156, 904567]
business : 8978722069, 113, 2, [387304, 904567]
economy : 8726546066, 132, 1, [904567, 674987, 104371]
economy : 5133067664, 50, 2, [276444, 406156]
economy : 6404801093, 91, 1, [221876, 674987, 639475]
business : 2935715136, 184, 2, [548255, 387304, 104371, 674987]
economy : 8279118607, 142, 2, [104371, 674987]
business : 6721247199, 98, 2, [221876, 104371]
business : 8860841062, 180, 1, [387304, 104371, 548255, 639475]
economy : 1461619046, 114, 1, [674987, 548255]
economy : 4726270269, 141, 2, [104371, 674987, 904567]
economy : 3580117066, 140, 4, [639475, 674987]
economy : 8355496406, 139, 1, [548255, 387304, 406156]
economy : 8998398266, 58, 1, [674987, 639475, 548255]
economy : 5091364050, 138, 0, [276444, 406156, 639475, 391359]
first : 5617650930, 193, 0, [276444, 391359, 221876]
first : 5699478370, 164, 1, [904567, 104371, 391359, 221876]
economy : 2421291754, 130, 0, [387304, 221876]
economy : 6420504137, 72, 0, [391359, 904567, 221876]
economy : 4681323846, 57, 3, [387304, 391359]
economy : 2238451305, 141, 1, [548255, 674987]
economy : 4041741320, 171, 1, [406156, 104371, 221876, 391359]
business : 1490854535, 145, 2, [406156, 387304, 276444, 639475]
economy : 3831637056, 132, 0, [548255, 674987, 391359]
economy : 5483074479, 123, 1, [904567, 104371]
economy : 9102392355, 104, 0, [904567, 276444]
luxury : 2355354950, 176, 6, [406156, 104371]
business : 5963663238, 195, 10, [276444, 674987]
economy : 9201238613, 59, 2, [276444, 639475, 391359]
economy : 1569799287, 200, 2, [548255, 221876]
economy : 7625792216, 155, 4, [391359, 406156, 387304]
economy : 6367669762, 103, 0, [548255, 104371]
economy : 3085818873, 177, 2, [639475, 904567, 548255]
economy : 7560790242, 144, 2, [674987, 387304, 104371, 221876]
economy : 1738722663, 169, 0, [221876, 391359, 639475, 548255]
economy : 1118934155, 192, 1, [276444, 904567, 104371]
economy : 2518445488, 131, 1, [221876, 904567]
economy : 4802466768, 121, 2, [904567, 387304, 406156, 548255]
economy : 8171156449, 59, 2, [391359, 639475]
business : 5230977759, 170, 9, [387304, 406156, 548255]
economy : 1285176319, 164, 2, [674987, 639475, 387304]
economy : 7295575548, 79, 1, [548255, 276444]
economy : 7038129017, 111, 1, [387304, 548255, 904567, 104371]
economy : 2564380708, 152, 2, [276444, 104371]
business : 4374581858, 144, 5, [406156, 674987, 548255, 276444]
economy : 9582142179, 194, 2, [221876, 276444, 391359, 904567]
business : 8216325626, 125, 2, [674987, 639475, 548255]
economy : 1885470950, 57, 8, [104371, 904567, 276444]
economy : 1820381602, 71, 1, [639475, 674987, 221876, 104371]
business : 6632037235, 44, 9, [639475, 391359, 276444]
economy : 5578420170, 51, 1, [904567, 639475, 406156]
economy : 8461052007, 175, 5, [221876, 104371, 674987]
business : 3927340935, 175, 1, [904567, 548255, 104371]
economy : 6483439331, 183, 1, [391359, 674987, 406156]
economy : 3545061439, 115, 1, [104371, 904567]
economy : 4035834654, 150, 1, [639475, 674987, 387304]
economy : 7298544298, 144, 2, [221876, 548255, 904567]
economy : 8307200222, 165, 7, [639475, 387304]
economy : 1097269538, 187, 5, [904567, 639475]
economy : 6490100645, 102, 10, [276444, 674987]
economy : 7664252880, 155, 4, [904567, 387304]
economy : 4551414213, 91, 2, [276444, 406156, 639475]
economy : 9424609728, 157, 1, [104371, 276444]
economy : 9241499748, 49, 10, [904567, 674987]
economy : 2956273284, 170, 1, [548255, 674987]
economy : 6227053546, 164, 2, [276444, 639475]
first : 3880705259, 168, 6, [904567, 406156, 276444, 639475]
business : 3266687184, 83, 0, [104371, 639475, 387304]
business : 4986160357, 189, 3, [221876, 904567, 639475, 104371]
economy : 4549696763, 99, 4, [548255, 904567]
economy : 8729087704, 166, 3, [387304, 904567]
economy : 9922397292, 173, 1, [548255, 387304, 391359, 639475]
economy : 6568447585, 142, 1, [276444, 548255, 391359, 639475]
business : 8596660558, 135, 1, [387304, 221876, 406156]
economy : 8892186811, 110, 9, [639475, 674987, 904567, 406156]
business : 3487544045, 120, 2, [104371, 387304, 548255]
economy : 4832844010, 46, 9, [387304, 221876, 674987]
business : 8817043920, 182, 1, [674987, 104371]
luxury : 9124757685, 198, 1, [387304, 639475, 221876, 406156]
economy : 4669142820, 119, 2, [104371, 639475, 221876]
business : 3150922321, 89, 2, [104371, 548255, 904567]
economy : 5908933612, 43, 1, [548255, 387304]
economy : 2177060649, 111, 7, [391359, 406156, 639475, 904567]
economy : 8107246703, 131, 1, [221876, 548255]
economy : 6589831597, 169, 1, [104371, 276444, 639475, 391359]
business : 2680075629, 75, 0, [674987, 276444, 104371, 221876]
business : 6517629303, 188, 2, [391359, 276444]
business : 1954496291, 91, 1, [548255, 904567, 391359]
business : 6989202096, 108, 2, [104371, 276444, 548255]
economy : 3734168488, 97, 3, [104371, 639475, 391359, 548255]
economy : 4072763165, 184, 1, [391359, 674987]
economy : 6733589698, 179, 1, [391359, 104371]
economy : 2706788245, 58, 5, [221876, 548255]
economy : 8581852816, 141, 1, [387304, 904567, 639475]
economy : 3871919367, 46, 0, [674987, 104371, 391359, 904567]
economy : 2179562662, 129, 9, [276444, 391359, 904567]
economy : 7914025704, 68, 8, [221876, 406156, 548255, 387304]
economy : 1633252769, 52, 3, [674987, 904567, 221876]
economy : 7699092239, 163, 6, [276444, 387304, 904567, 104371]
economy : 5327066494, 115, 1, [904567, 387304, 391359, 548255]
economy : 3785678454, 55, 2, [639475, 221876]
economy : 2380096733, 64, 3, [406156, 276444, 674987]
economy : 5648560500, 141, 5, [221876, 104371]
economy : 3205522429, 147, 0, [548255, 387304, 276444, 674987]
economy : 1944444165, 84, 10, [639475, 387304, 104371, 674987]
economy : 1004102710, 192, 2, [639475, 904567, 276444, 548255]
economy : 6812402763, 64, 4, [639475, 104371, 221876, 391359]
economy : 3950625994, 164, 2, [406156, 639475]
economy : 7460434765, 69, 2, [406156, 904567, 639475]
economy : 3687516470, 51, 2, [639475, 387304, 406156, 276444]
economy : 6838396260, 175, 3, [387304, 639475, 674987]
business : 2278769282, 198, 1, [548255, 674987]
economy : 6011864369, 40, 1, [104371, 548255]
economy : 5958259728, 145, 2, [639475, 548255, 406156, 104371]
economy : 7917659343, 137, 1, [406156, 104371]
economy : 1541141722, 94, 2, [104371, 387304]
economy : 9715741506, 83, 4, [904567, 276444, 104371, 639475]
economy : 8387855965, 75, 1, [548255, 104371, 904567, 674987]
business : 4585550236, 42, 10, [221876, 406156, 387304]
first : 4894778930, 114, 1, [548255, 276444, 904567]
economy : 2389110341, 192, 6, [387304, 548255, 639475, 276444]
economy : 9497341442, 128, 4, [904567, 639475, 387304, 221876]
economy : 6570149117, 102, 1, [391359, 904567, 548255]
economy : 6817809071, 107, 3, [276444, 904567, 639475, 104371]
economy : 9440869109, 99, 2, [674987, 639475, 904567, 548255]
economy : 4562749051, 157, 2, [904567, 221876, 104371]
economy : 9557261905, 195, 8, [639475, 221876, 387304]
economy : 4632927389, 63, 1, [221876, 406156, 674987, 387304]
business : 3846132548, 67, 3, [104371, 674987]
business : 2379031711, 188, 7, [276444, 221876]
economy : 2495367652, 122, 1, [391359, 387304]
economy : 1356078972, 64, 0, [406156, 639475]
first : 2012194813, 67, 3, [387304, 104371, 904567, 639475]
economy : 4204784780, 189, 3, [639475, 221876, 391359]
business : 2339003750, 97, 1, [276444, 406156, 104371, 391359]
economy : 8427888294, 78, 2, [387304, 406156]
economy : 9394452106, 67, 1, [639475, 387304]
economy : 6542766638, 80, 4, [548255, 406156, 674987]
economy : 3330804889, 165, 2, [391359, 406156, 221876, 387304]
economy : 5288220788, 122, 1, [276444, 406156, 391359, 674987]
economy : 6753774314, 150, 0, [276444, 406156]
economy : 4895106760, 154, 2, [387304, 639475, 276444, 406156]
business : 5812176164, 82, 0, [104371, 276444]
economy : 5066930544, 104, 1, [391359, 406156, 276444, 904567]
business : 9613487816, 169, 1, [391359, 104371, 639475]
business : 1329035124, 180, 2, [674987, 406156, 904567, 387304]
economy : 8777017120, 96, 8, [276444, 639475, 387304, 221876]
economy : 1462874181, 198, 1, [391359, 221876, 904567]
economy : 2526098261, 179, 1, [548255, 387304, 221876]
first : 1271634289, 138, 0, [391359, 406156]
first : 4583101728, 144, 1, [406156, 104371]
economy : 1136504123, 114, 0, [639475, 221876]
economy : 1901484264, 87, 1, [391359, 221876]
business : 1008526328, 112, 4, [104371, 904567, 548255, 276444]
economy : 1769815297, 82, 5, [387304, 639475]
luxury : 1539376250, 193, 0, [221876, 548255, 387304]
economy : 7206328521, 125, 2, [406156, 104371, 221876]
economy : 3341955870, 112, 3, [406156, 904567, 548255]
first : 4872141670, 131, 1, [276444, 904567, 387304, 391359]
economy : 1055883600, 114, 0, [639475, 104371]
business : 8813965789, 185, 2, [674987, 221876]
luxury : 5241781406, 59, 7, [904567, 674987, 387304, 548255]
economy : 8949259285, 116, 1, [904567, 104371, 674987]
luxury : 4976873708, 131, 1, [391359, 276444]
economy : 9248825314, 118, 0, [221876, 406156, 639475, 904567]
economy : 4909162558, 141, 3, [387304, 674987, 406156, 104371]
economy : 8820127380, 123, 0, [276444, 221876]
first : 8057705790, 166, 1, [639475, 904567, 406156, 104371]
economy : 1590700165, 197, 0, [387304, 221876, 104371, 674987]
business : 9314292177, 121, 2, [904567, 639475, 674987]
luxury : 7305770581, 113, 2, [387304, 674987, 276444, 639475]
economy : 6257645406, 109, 3, [221876, 387304]
economy : 6002282422, 163, 4, [548255, 387304]
economy : 5891098088, 134, 3, [104371, 221876]
business : 2131956847, 185, 0, [221876, 391359]
economy : 8991730574, 92, 2, [904567, 548255, 221876]
economy : 7380741352, 72, 1, [904567, 391359, 639475, 674987]
economy : 5816374418, 161, 1, [221876, 406156, 639475]
business : 6781328620, 114, 0, [221876, 276444, 548255, 904567]
economy : 8625667733, 65, 3, [904567, 406156, 387304, 639475]
economy : 3318388259, 164, 1, [391359, 406156]
economy : 9922413326, 127, 1, [387304, 904567]
economy : 5186397236, 57, 1, [674987, 391359]
economy : 6311286294, 131, 1, [674987, 904567]
first : 5043854250, 65, 1, [104371, 406156]
first : 9534755396, 66, 0, [904567, 387304]
economy : 6538527437, 76, 8, [548255, 276444]
economy : 1603964270, 81, 6, [639475, 221876, 406156, 391359]
business : 6874078799, 86, 2, [406156, 104371]
economy : 2209172193, 96, 1, [104371, 391359]
business : 3582617498, 97, 2, [104371, 387304, 548255]
economy : 5934734651, 188, 1, [406156, 104371, 276444]
first : 2651354625, 108, 0, [104371, 391359, 904567, 674987]
economy : 3773592424, 106, 4, [221876, 391359]
business : 8969311449, 64, 1, [391359, 221876]
economy : 2668055156, 74, 0, [406156, 387304]
economy : 8236842935, 53, 3, [221876, 276444]
economy : 8726471952, 105, 2, [391359, 406156]
economy : 6413931699, 68, 2, [406156, 904567, 639475, 391359]
economy : 8691568730, 184, 2, [276444, 104371, 904567, 639475]
economy : 7286976597, 116, 1, [406156, 548255]
economy : 7715101458, 46, 1, [904567, 276444]
economy : 2791210993, 109, 2, [104371, 674987]
business : 3354595390, 56, 1, [639475, 104371, 904567]
economy : 9961087611, 124, 2, [276444, 391359, 548255]
business : 1448360660, 151, 1, [221876, 674987]
economy : 2728805560, 129, 10, [904567, 639475, 221876, 391359]
economy : 8338918986, 151, 1, [391359, 104371]
economy : 3816193977, 198, 1, [387304, 221876, 904567]
economy : 4513241587, 132, 3, [548255, 406156, 674987, 276444]
economy : 3516020226, 199, 0, [221876, 548255, 104371, 406156]
economy : 8662928834, 105, 9, [639475, 548255, 904567]
economy : 6844686228, 136, 2, [406156, 387304]
economy : 2797412234, 104, 2, [391359, 387304, 548255, 904567]
economy : 2682489259, 159, 6, [674987, 904567, 406156, 548255]
economy : 8936033727, 147, 0, [391359, 639475, 387304]
economy : 9110632001, 148, 1, [276444, 104371, 406156]
economy : 4533374303, 84, 1, [548255, 674987, 221876, 387304]
business : 6166632628, 69, 1, [639475, 391359]
business : 6454796184, 56, 0, [221876, 904567, 548255, 406156]
economy : 1838096751, 98, 2, [391359, 639475, 387304]
economy : 3802638096, 96, 2, [904567, 221876]
economy : 6404744569, 130, 0, [406156, 674987]
luxury : 1825008316, 140, 1, [639475, 104371, 391359]
economy : 7883810922, 167, 1, [387304, 639475]
business : 6261531922, 161, 0, [674987, 104371, 548255, 387304]
economy : 6942693200, 144, 3, [104371, 276444, 548255]
economy : 8573161123, 40, 3, [391359, 406156, 276444]
business : 9507908451, 139, 8, [276444, 406156]
economy : 4171538986, 94, 2, [391359, 104371, 548255]
economy : 9562153975, 119, 5, [104371, 674987, 387304]
economy : 6413788735, 68, 7, [639475, 387304, 548255]
economy : 8547217360, 130, 9, [904567, 674987]
economy : 6466325669, 100, 3, [406156, 221876, 904567, 674987]
business : 2021459329, 58, 1, [387304, 548255]
economy : 2248840656, 59, 9, [674987, 104371]
economy : 9497781883, 150, 2, [276444, 904567, 391359]
economy : 6815114027, 185, 2, [391359, 104371, 904567, 548255]
first : 8540972662, 69, 2, [387304, 904567, 674987, 391359]
economy : 2125003642, 76, 1, [548255, 674987, 276444, 104371]
economy : 9652019533, 111, 2, [639475, 276444, 406156]
economy : 7207010110, 93, 4, [104371, 387304, 406156, 904567]
economy : 1873736025, 85, 1, [674987, 548255, 276444, 406156]
first : 3818998090, 116, 2, [387304, 639475, 276444, 104371]
economy : 1825493440, 141, 3, [904567, 639475, 406156]
economy : 4447265681, 102, 2, [548255, 387304, 406156, 221876]
economy : 4022271696, 197, 4, [387304, 406156]
economy : 2124529018, 51, 1, [548255, 639475, 276444, 406156]
business : 2146954794, 105, 5, [276444, 674987]
first : 2158696324, 188, 7, [639475, 904567]
economy : 2840170033, 65, 2, [674987, 276444, 904567, 548255]
first : 8709519856, 50, 2, [104371, 387304]
economy : 5088056694, 200, 2, [639475, 104371]
economy : 6219392348, 157, 1, [104371, 387304]
business : 5604801204, 112, 5, [221876, 104371, 387304]
business : 3882840893, 164, 3, [221876, 639475, 674987, 104371]
first : 7000226138, 53, 6, [387304, 639475, 104371]
business : 4475689580, 80, 4, [904567, 276444, 221876, 391359]
economy : 5641710020, 58, 5, [104371, 221876, 391359]
economy : 8535176545, 88, 1, [406156, 391359, 904567, 387304]
economy : 3315681619, 172, 5, [391359, 387304, 674987]
economy : 7001445311, 60, 1, [674987, 276444]
business : 3656369376, 139, 0, [639475, 391359, 674987, 104371]
economy : 2911636195, 69, 9, [674987, 387304, 104371]
economy : 9578533120, 62, 7, [391359, 904567]
economy : 9962084653, 165, 7, [904567, 221876, 387304, 104371]
economy : 3071610094, 131, 1, [639475, 391359, 104371, 904567]
economy : 3957854329, 182, 0, [276444, 104371, 639475]
business : 7054626111, 105, 1, [674987, 548255]
economy : 3810160455, 136, 2, [406156, 276444]
business : 3011103981, 72, 2, [548255, 391359, 406156]
economy : 2870310772, 112, 2, [387304, 639475]
economy : 9322817199, 63, 10, [639475, 221876, 104371, 548255]
economy : 2650027959, 189, 1, [674987, 221876, 276444]
economy : 8913004341, 189, 0, [674987, 104371, 639475, 276444]
first : 2098965482, 184, 2, [391359, 387304, 104371, 406156]
economy : 9998416075, 156, 2, [904567, 221876]
economy : 1462131165, 49, 0, [904567, 548255, 674987, 406156]
business : 2213901929, 195, 0, [674987, 221876, 406156, 391359]
economy : 2935224944, 148, 2, [104371, 221876]
economy : 3611953850, 123, 2, [104371, 548255, 904567, 387304]
economy : 3079954183, 169, 7, [639475, 104371, 387304, 276444]
economy : 1642521919, 60, 1, [406156, 548255, 391359, 639475]
economy : 1783968160, 143, 2, [387304, 406156, 639475, 904567]
business : 6314396488, 171, 2, [674987, 639475]
economy : 1137247441, 175, 0, [391359, 904567, 548255]
economy : 4611757875, 194, 2, [548255, 221876, 276444, 904567]
economy : 9134508992, 57, 1, [674987, 406156, 387304]
economy : 5971835889, 120, 1, [391359, 104371, 674987]
economy : 5074352162, 111, 3, [391359, 674987, 276444, 387304]
economy : 9884450983, 59, 2, [406156, 387304, 674987, 104371]
economy : 7567003458, 181, 8, [104371, 904567]
economy : 7037106581, 107, 4, [904567, 387304]
economy : 2231104080, 86, 9, [391359, 276444]
economy : 5829161755, 105, 1, [391359, 406156, 639475]
first : 3097784624, 91, 0, [391359, 387304]
economy : 6084217335, 186, 2, [104371, 639475]
first : 5938614329, 59, 3, [221876, 674987]
first : 7387944832, 166, 2, [387304, 221876]
business : 2895327300, 147, 8, [221876, 104371, 391359]
first : 3817367056, 199, 1, [387304, 548255, 406156, 674987]
business : 9952944177, 65, 0, [406156, 387304, 391359]
economy : 4123137568, 113, 6, [639475, 276444, 104371, 391359]
economy : 8422123505, 152, 2, [104371, 548255, 387304, 406156]
economy : 6436791798, 113, 0, [104371, 276444, 639475, 391359]
business : 7580099975, 175, 1, [104371, 387304, 406156, 548255]
economy : 1840221404, 106, 1, [221876, 548255]
business : 1182559811, 91, 2, [387304, 406156, 548255]
economy : 4152162028, 161, 1, [221876, 639475, 387304, 548255]
economy : 2975784395, 194, 0, [639475, 276444, 391359, 674987]
luxury : 8363349838, 52, 1, [221876, 639475, 104371, 391359]
business : 6523121642, 86, 0, [674987, 104371, 904567]
first : 5118278512, 184, 10, [104371, 221876, 387304, 904567]
economy : 9832104804, 67, 1, [391359, 387304]
first : 9079210186, 189, 1, [104371, 221876]
economy : 7317486376, 185, 4, [904567, 221876]
economy : 6954824688, 112, 5, [221876, 639475]
first : 3615087892, 95, 0, [276444, 639475, 104371]
economy : 4284983204, 58, 5, [548255, 639475]
economy : 7768283671, 53, 1, [406156, 387304, 674987]
luxury : 5382512065, 192, 2, [387304, 276444, 104371]
economy : 3591665196, 119, 2, [391359, 276444]
economy : 4101619718, 44, 2, [406156, 221876, 104371]
first : 3086060330, 119, 2, [904567, 276444]
business : 3011646090, 158, 3, [548255, 406156, 221876, 639475]
economy : 9175644298, 74, 0, [674987, 548255, 904567]
economy : 9785648623, 79, 5, [387304, 674987]
business : 2805053831, 177, 10, [406156, 221876, 639475]
economy : 4759430393, 186, 1, [406156, 276444, 221876]
economy : 2778491295, 67, 1, [387304, 104371]
economy : 3928314239, 71, 2, [548255, 406156, 639475]
economy : 3337199436, 137, 1, [639475, 391359, 904567, 221876]
economy : 5500824958, 176, 10, [548255, 904567]
economy : 1984457425, 139, 3, [639475, 406156, 904567, 276444]
business : 3369028038, 129, 3, [276444, 639475]
economy : 7711566589, 102, 6, [104371, 276444, 674987]
business : 2458008686, 64, 3, [639475, 674987, 406156, 548255]
business : 5478594468, 76, 0, [276444, 674987]
luxury : 7887826845, 62, 2, [548255, 639475, 904567]
economy : 4577417283, 173, 1, [276444, 904567, 674987]
economy : 3969755298, 179, 1, [387304, 391359, 221876]
economy : 9635237805, 143, 5, [104371, 406156]
economy : 2949329700, 199, 2, [221876, 387304]
economy : 3861806932, 54, 1, [221876, 548255]
economy : 7335047379, 188, 2, [387304, 548255, 639475, 406156]
luxury : 6738701276, 193, 4, [391359, 276444, 904567]
economy : 4846638633, 60, 1, [406156, 674987, 387304, 904567]
economy : 5101072755, 88, 1, [221876, 387304, 548255, 406156]
economy : 6247279258, 194, 2, [104371, 276444, 406156]
economy : 6228568956, 88, 6, [406156, 104371]
economy : 6173063619, 157, 3, [391359, 639475, 276444, 548255]
economy : 7151295038, 169, 2, [639475, 387304]
economy : 5036535565, 108, 1, [406156, 639475, 548255]
economy : 5262056116, 191, 3, [387304, 276444, 639475, 406156]
economy : 8283530651, 153, 2, [639475, 674987, 221876]
business : 8406839516, 117, 2, [391359, 639475, 221876, 104371]
business : 6593611175, 46, 3, [674987, 904567, 104371, 548255]
business : 1522043566, 126, 2, [904567, 104371, 276444, 548255]
economy : 6948833066, 163, 0, [391359, 674987]
economy : 8352838835, 199, 4, [104371, 548255]
business : 9272846524, 149, 2, [104371, 904567, 548255, 276444]
business : 5063087045, 79, 10, [674987, 391359, 276444]
economy : 3179821094, 105, 3, [548255, 639475, 276444, 104371]
business : 1948927390, 70, 1, [639475, 548255]
economy : 2213978692, 177, 1, [391359, 221876]
economy : 5542341349, 151, 4, [387304, 904567, 639475]
business : 4587470535, 160, 8, [104371, 406156, 391359, 548255]
economy : 1229228219, 70, 0, [104371, 391359]
economy : 7395059789, 138, 4, [904567, 406156, 276444]
economy : 7796889292, 57, 6, [391359, 387304, 548255, 639475]
economy : 3891627900, 152, 1, [221876, 548255, 387304]
business : 3097745127, 41, 1, [276444, 904567, 387304, 674987]
economy : 5948178885, 118, 2, [104371, 387304, 674987, 221876]
economy : 2068647191, 113, 0, [221876, 904567, 674987, 276444]
economy : 5643160554, 124, 2, [387304, 548255, 406156, 221876]
economy : 7244436429, 132, 2, [104371, 639475, 276444, 548255]
business : 7042101425, 89, 1, [674987, 104371, 391359]
business : 3603648115, 65, 0, [904567, 639475]
economy : 4869911293, 185, 1, [674987, 406156, 221876]
economy : 7694740921, 131, 4, [639475, 104371, 904567, 548255]
economy : 6273072523, 166, 5, [639475, 548255, 104371]
economy : 2509305760, 110, 1, [904567, 387304, 221876]
business : 9033300203, 112, 1, [548255, 904567, 221876]
economy : 9206177617, 111, 2, [391359, 104371, 548255]
economy : 3517064853, 96, 2, [391359, 639475, 548255]
economy : 2692862801, 165, 2, [406156, 387304, 221876]
economy : 4043544524, 168, 3, [104371, 276444, 387304]
business : 7534894014, 70, 2, [391359, 221876, 387304, 276444]
economy : 8437873779, 48, 1, [104371, 548255]
economy : 6363890800, 74, 0, [221876, 391359, 104371]
economy : 7751330509, 175, 4, [904567, 674987, 276444, 406156]
economy : 9706226679, 186, 6, [104371, 674987, 276444]
economy : 2873551405, 143, 10, [639475, 387304, 276444, 674987]
economy : 3381801413, 158, 2, [104371, 391359]
business : 9898588255, 184, 0, [391359, 406156, 221876, 104371]
economy : 3581552726, 83, 1, [904567, 391359, 674987, 276444]
economy : 3553324609, 195, 2, [391359, 904567, 221876, 276444]
economy : 2041738485, 100, 1, [406156, 391359]
economy : 6095369960, 94, 2, [674987, 104371]
business : 3724267718, 64, 1, [221876, 387304]
first : 8105837340, 177, 2, [221876, 387304]
economy : 4185847559, 115, 2, [391359, 221876, 674987]
business : 6409713719, 200, 1, [276444, 221876, 639475]
economy : 3922734082, 100, 3, [387304, 639475, 276444]
economy : 5481050954, 186, 2, [674987, 104371]
economy : 6680356387, 133, 0, [387304, 674987, 221876]
business : 1416613425, 194, 10, [391359, 904567, 221876, 639475]
first : 2684850677, 111, 2, [104371, 391359, 639475]
economy : 7709020476, 173, 1, [391359, 221876, 104371]
business : 3281245097, 193, 3, [904567, 406156, 221876, 387304]
economy : 4956944624, 69, 1, [674987, 221876]
business : 3842931952, 87, 1, [104371, 674987, 904567, 406156]
economy : 7538484941, 142, 2, [387304, 221876, 104371, 406156]
economy : 2734477945, 102, 0, [221876, 391359, 276444, 904567]
economy : 4162668745, 125, 1, [276444, 548255, 639475]
business : 5509795691, 157, 2, [548255, 904567]
economy : 3602491226, 41, 3, [391359, 639475, 387304, 221876]
economy : 2767996966, 59, 9, [276444, 391359]
business : 4702309991, 44, 2, [276444, 406156]
luxury : 7830872930, 106, 3, [674987, 387304, 391359]
economy : 7720515483, 75, 4, [674987, 391359]
first : 3063658201, 54, 2, [391359, 548255, 406156]
business : 5556433966, 117, 8, [387304, 904567]
economy : 8437396511, 112, 2, [391359, 387304, 406156, 221876]
economy : 9138464777, 45, 0, [104371, 221876, 639475, 904567]
economy : 1385071687, 124, 2, [674987, 406156]
economy : 8321159231, 177, 2, [391359, 221876]
first : 1543703648, 189, 1, [639475, 221876, 391359, 406156]
economy : 2412392166, 153, 2, [548255, 387304]
first : 5212094554, 124, 2, [904567, 221876]
economy : 3687393841, 97, 2, [406156, 221876]
economy : 1325358558, 41, 10, [387304, 276444]
economy : 3571546431, 177, 2, [387304, 221876]
economy : 6533253944, 195, 1, [406156, 221876, 639475]
economy : 5118592383, 147, 1, [406156, 639475, 104371]
economy : 1173653067, 92, 10, [904567, 548255, 104371, 387304]
economy : 8011191263, 139, 2, [387304, 639475, 104371]
economy : 2913819870, 72, 3, [548255, 674987, 276444, 104371]
first : 4290099266, 168, 2, [387304, 276444, 221876]
economy : 7355303602, 46, 1, [904567, 387304, 276444]
business : 4045769494, 42, 4, [387304, 391359]
economy : 9204218221, 187, 5, [221876, 548255]
economy : 6182126844, 43, 6, [276444, 548255, 391359, 387304]
business : 6613213349, 40, 2, [391359, 904567, 639475]
economy : 4501154574, 86, 1, [391359, 406156]
business : 5676143340, 152, 2, [674987, 387304, 276444, 639475]
economy : 1686996084, 161, 1, [104371, 406156, 674987]
economy : 7527515103, 194, 10, [548255, 387304]
economy : 7810573502, 119, 0, [387304, 639475, 548255]
economy : 1388978624, 102, 2, [391359, 104371, 548255, 639475]
business : 5421851847, 169, 1, [276444, 639475]
economy : 8068833046, 126, 4, [406156, 391359, 639475]
first : 1362444610, 157, 2, [406156, 276444, 904567, 391359]
economy : 2243572126, 83, 3, [391359, 674987, 276444, 904567]
business : 1500452572, 80, 1, [639475, 391359, 406156]
economy : 9103299655, 176, 4, [904567, 548255]
economy : 9293318177, 122, 2, [104371, 674987, 904567, 406156]
business : 9576197644, 108, 0, [904567, 276444, 391359, 548255]
economy : 6312117579, 57, 1, [674987, 221876]
economy : 9560434178, 103, 2, [639475, 406156]
economy : 4901978417, 173, 1, [276444, 674987, 104371, 548255]
economy : 2115728942, 129, 0, [221876, 406156, 904567, 639475]
economy : 6849621682, 140, 2, [221876, 276444, 639475, 391359]
economy : 9665908469, 70, 2, [221876, 391359, 548255, 387304]
business : 5281184993, 48, 8, [548255, 391359, 387304, 104371]
economy : 2017440037, 188, 1, [406156, 387304, 104371]
first : 5287136251, 155, 10, [276444, 406156, 674987]
first : 9090165590, 149, 2, [276444, 391359]
first : 1368059087, 124, 0, [221876, 387304]
economy : 8963905666, 197, 2, [221876, 674987, 276444, 904567]
economy : 3148773576, 51, 1, [904567, 221876]
economy : 2892083886, 57, 8, [639475, 221876]
economy : 4243233259, 137, 1, [104371, 391359, 406156, 387304]
first : 4526465673, 183, 0, [639475, 406156]
economy : 4659156579, 95, 0, [548255, 904567, 674987, 391359]
economy : 3903856545, 89, 1, [276444, 406156]
economy : 1533142456, 104, 4, [276444, 904567]
business : 7801205721, 69, 3, [639475, 406156, 674987, 548255]
economy : 1335757904, 72, 2, [276444, 221876, 391359, 104371]
business : 2661838893, 96, 2, [904567, 406156, 548255]
business : 2705944000, 117, 9, [387304, 904567, 276444, 406156]
economy : 7787600671, 185, 2, [221876, 406156]
economy : 2048954214, 115, 1, [548255, 904567, 104371]
economy : 4121742849, 116, 0, [104371, 221876, 276444]
economy : 7377460534, 157, 2, [221876, 387304, 674987]
economy : 1349093320, 156, 0, [674987, 904567, 406156]
economy : 7004545954, 48, 5, [406156, 548255, 391359, 276444]
economy : 4775020059, 102, 5, [406156, 548255, 104371, 391359]
economy : 6806443961, 198, 7, [904567, 221876]
economy : 8709965716, 169, 4, [639475, 391359, 904567]
economy : 6048847409, 46, 0, [406156, 391359, 276444]
economy : 7309318748, 43, 2, [548255, 387304]
economy : 1723250698, 193, 2, [904567, 674987]
economy : 6099976958, 48, 0, [674987, 639475, 276444, 548255]
business : 8496248654, 150, 2, [221876, 406156, 904567, 276444]
economy : 6603880096, 174, 2, [104371, 276444, 391359]
economy : 8599462980, 68, 6, [406156, 221876]
economy : 9506309924, 145, 3, [104371, 674987, 904567, 221876]
business : 3774251450, 198, 2, [387304, 548255]
economy : 5508577626, 152, 1, [904567, 276444, 406156, 674987]
economy : 6659403917, 120, 2, [548255, 104371]
economy : 2466181579, 101, 2, [904567, 674987, 639475]
economy : 6706137919, 162, 2, [406156, 548255, 221876]
first : 3657582263, 125, 4, [674987, 387304, 406156]
business : 2039941930, 156, 1, [674987, 221876, 387304]
economy : 7511477136, 118, 2, [276444, 548255]
economy : 4661797811, 67, 6, [387304, 639475, 221876]
business : 4289212705, 84, 5, [221876, 548255]
economy : 8576166572, 47, 6, [387304, 391359, 406156, 674987]
economy : 3394307452, 114, 1, [221876, 406156, 104371, 387304]
economy : 4611301502, 188, 9, [548255, 104371, 904567]
first : 6459082207, 134, 0, [406156, 548255, 221876]
business : 8885384355, 141, 3, [548255, 904567]
economy : 9941997206, 142, 1, [221876, 387304, 904567, 391359]
business : 1303984664, 91, 2, [548255, 674987, 904567, 639475]
economy : 6236457646, 135, 7, [406156, 904567, 276444, 639475]
first : 6587178196, 56, 2, [406156, 391359, 639475, 104371]
economy : 5711404283, 108, 1, [221876, 674987]
luxury : 6785908541, 73, 2, [674987, 387304, 904567, 406156]
economy : 8324812904, 123, 2, [639475, 674987]
economy : 9215041164, 166, 1, [391359, 276444, 387304]
business : 7906408064, 185, 1, [104371, 904567]
economy : 6938502698, 87, 2, [904567, 391359]
economy : 3503102809, 193, 1, [639475, 276444, 674987, 104371]
business : 2692299751, 106, 3, [674987, 391359]
economy : 7709305703, 78, 0, [104371, 276444, 639475]
economy : 8015090656, 131, 1, [674987, 221876, 639475, 276444]
economy : 2257043254, 137, 0, [276444, 904567, 639475]
business : 3045392430, 49, 8, [406156, 904567]
economy : 6116289044, 89, 10, [406156, 674987, 548255, 639475]
economy : 6732653900, 114, 4, [276444, 674987, 104371, 904567]
economy : 3480290580, 114, 2, [548255, 639475]
economy : 3560590252, 65, 4, [674987, 548255]
economy : 8483052683, 94, 2, [276444, 548255, 674987]
first : 6715891706, 53, 1, [391359, 674987, 406156, 639475]
economy : 5828546586, 179, 0, [548255, 276444, 406156]
economy : 8807015557, 136, 1, [639475, 276444, 548255]
economy : 5316923172, 183, 2, [276444, 548255, 387304]
business : 4071738931, 88, 1, [639475, 387304, 548255]
first : 6921313694, 80, 2, [104371, 674987]
economy : 4175368815, 99, 1, [548255, 387304, 904567, 639475]
economy : 1651065333, 93, 1, [639475, 548255]
business : 6307859782, 91, 1, [104371, 904567, 221876, 276444]
economy : 1574671951, 81, 1, [639475, 221876]
economy : 6563629993, 163, 0, [387304, 904567, 221876]
economy : 7674833661, 155, 1, [221876, 391359, 406156]
business : 4524735237, 140, 0, [639475, 387304]
first : 8478601007, 152, 2, [221876, 104371, 548255, 674987]
first : 1236917900, 73, 2, [548255, 406156, 276444, 674987]
economy : 1384972200, 52, 0, [639475, 406156, 221876]
economy : 6784158267, 190, 0, [406156, 221876]
first : 4343889757, 129, 2, [221876, 391359]
economy : 8813799306, 84, 3, [639475, 674987, 104371]
economy : 4831096300, 50, 9, [276444, 639475, 904567]
economy : 8749206934, 75, 2, [387304, 221876]
economy : 1375034703, 168, 1, [391359, 548255, 276444]
business : 1951753878, 186, 2, [221876, 674987, 904567]
economy : 8821357590, 121, 2, [276444, 674987, 221876]
economy : 9651868626, 86, 1, [104371, 548255, 221876]
economy : 7752089061, 178, 10, [639475, 387304]
business : 8141326427, 199, 1, [674987, 639475, 276444, 387304]
economy : 7836696633, 164, 1, [674987, 406156, 276444, 104371]
economy : 1567671132, 86, 0, [548255, 221876, 276444, 639475]
economy : 8813522167, 135, 2, [674987, 221876, 276444, 387304]
economy : 9631484294, 49, 0, [674987, 548255, 387304]
economy : 4595070816, 192, 1, [406156, 387304, 276444, 221876]
economy : 3932401707, 103, 2, [276444, 674987, 391359]
economy : 7703157637, 116, 1, [674987, 387304, 639475]
economy : 2541048254, 186, 0, [221876, 904567, 674987, 104371]
business : 6445065897, 142, 2, [221876, 104371]
economy : 8262945665, 178, 6, [406156, 904567, 674987, 548255]
economy : 9590001352, 167, 2, [548255, 406156]
economy : 9078410105, 94, 4, [639475, 406156, 387304, 276444]
economy : 8789294724, 200, 1, [639475, 674987]
business : 9238651241, 171, 4, [221876, 674987]
economy : 2303041025, 120, 2, [904567, 548255]
economy : 7276018970, 40, 1, [221876, 904567, 387304]
economy : 6645718833, 48, 2, [904567, 276444, 548255, 221876]
economy : 7510374436, 127, 2, [221876, 104371, 639475]
economy : 8329639894, 158, 2, [548255, 674987, 904567, 276444]
business : 3020225081, 54, 8, [904567, 391359, 387304]
economy : 7709660175, 200, 2, [639475, 387304, 104371]
business : 4239548234, 102, 1, [639475, 391359, 276444, 674987]
economy : 4714437164, 88, 2, [221876, 674987, 548255, 104371]
economy : 5329974272, 173, 0, [406156, 639475]
economy : 6003480125, 154, 1, [221876, 639475, 674987]
economy : 9586739963, 100, 7, [276444, 221876, 674987, 639475]
economy : 9662149149, 47, 4, [104371, 221876, 674987]
economy : 4653238705, 51, 1, [221876, 276444]
economy : 1558847535, 136, 9, [276444, 406156, 221876, 391359]
luxury : 9769154528, 102, 0, [639475, 276444]
economy : 9636967349, 107, 2, [104371, 904567, 406156]
business : 9441571843, 149, 4, [406156, 276444, 391359]
economy : 5288655374, 64, 1, [104371, 276444, 904567, 387304]
economy : 2118766010, 192, 0, [639475, 406156, 391359, 387304]
economy : 1676757530, 191, 2, [387304, 548255, 391359]
economy : 8318237692, 168, 1, [406156, 387304]
economy : 9435940209, 71, 3, [639475, 674987, 276444, 391359]
economy : 4375515092, 75, 0, [391359, 406156]
economy : 5712159591, 108, 1, [276444, 674987, 904567, 639475]
economy : 2590055049, 150, 1, [548255, 674987]
economy : 1081720793, 139, 5, [104371, 639475, 221876]
first : 6263862946, 192, 1, [387304, 639475, 104371, 548255]
business : 3654628935, 124, 2, [276444, 387304, 548255]
economy : 3046581517, 128, 5, [639475, 391359]
economy : 4295743257, 101, 2, [387304, 904567, 391359, 674987]
first : 9323100933, 119, 2, [904567, 674987, 406156]
economy : 1103475799, 163, 10, [104371, 221876, 276444]
business : 8097043305, 112, 1, [639475, 406156, 104371, 904567]
business : 1708708081, 146, 1, [276444, 674987]
economy : 6353632389, 131, 1, [391359, 387304]
economy : 2857989819, 187, 2, [104371, 904567]
economy : 4744641640, 67, 1, [406156, 674987, 639475]
economy : 7790166825, 144, 1, [276444, 387304, 639475]
economy : 6173646242, 187, 1, [904567, 387304, 548255, 391359]
economy : 3036730964, 98, 3, [674987, 548255]
economy : 7591119078, 163, 1, [221876, 406156, 276444, 391359]
economy : 8974003814, 176, 4, [639475, 104371, 548255, 221876]
economy : 8784710006, 189, 0, [548255, 276444, 391359]
economy : 1716935489, 89, 1, [387304, 104371, 548255, 904567]
business : 7073029318, 163, 1, [639475, 221876]
business : 2059082829, 134, 2, [406156, 904567]
economy : 5936552881, 103, 1, [904567, 221876]
business : 8494582671, 127, 1, [104371, 391359, 221876, 387304]
economy : 8698441471, 100, 4, [221876, 674987, 104371, 904567]
economy : 3566598199, 170, 1, [104371, 221876, 639475]
economy : 5952882305, 55, 3, [548255, 387304]
business : 5978904235, 44, 0, [221876, 548255]
economy : 5314924704, 115, 2, [674987, 406156, 387304]
business : 9155761470, 53, 4, [406156, 387304]
economy : 9322092823, 91, 3, [104371, 276444, 387304]
business : 2372043940, 166, 9, [904567, 104371, 639475, 391359]
economy : 4619408083, 155, 2, [674987, 221876, 104371]
economy : 5662944366, 96, 1, [674987, 387304, 904567]
economy : 4760428337, 118, 4, [674987, 548255]
business : 7066491241, 123, 1, [104371, 221876, 904567]
economy : 9312857490, 45, 2, [548255, 639475, 104371, 674987]
economy : 2206107749, 136, 1, [104371, 387304, 391359, 221876]
economy : 2665602929, 125, 2, [639475, 104371, 548255, 904567]
economy : 4648801814, 125, 9, [548255, 276444]
business : 1905461837, 161, 5, [104371, 639475]
economy : 7122544652, 56, 0, [221876, 548255]
economy : 4092782704, 45, 6, [104371, 904567, 391359, 406156]
business : 8657733644, 63, 1, [406156, 387304, 276444, 104371]
first : 1014604336, 132, 3, [639475, 674987, 904567, 406156]
economy : 3177517916, 118, 1, [674987, 904567, 387304, 221876]
economy : 4788467283, 136, 2, [276444, 904567]
business : 1351287685, 71, 4, [387304, 639475, 904567, 548255]
business : 8340837569, 68, 8, [276444, 904567]
economy : 9576942535, 190, 2, [406156, 548255, 391359]
first : 7886508624, 123, 2, [391359, 674987, 221876]
economy : 3389485530, 167, 2, [104371, 674987, 276444, 639475]
economy : 2250325904, 185, 2, [548255, 221876, 104371]
economy : 4633366304, 142, 3, [406156, 221876, 548255, 904567]
economy : 8408484701, 101, 2, [391359, 639475, 276444, 387304]
business : 5130384851, 178, 0, [548255, 276444, 221876]
economy : 1071839646, 72, 1, [904567, 387304, 391359]
economy : 7373340573, 174, 1, [104371, 221876]
luxury : 5306035250, 169, 1, [387304, 391359]
economy : 7413201236, 115, 1, [276444, 406156, 548255]
first : 2373935093, 115, 10, [548255, 406156, 391359, 674987]
economy : 7884413758, 79, 9, [904567, 639475]
business : 3917864374, 197, 1, [639475, 104371, 221876]
economy : 1475636319, 74, 4, [548255, 104371, 674987, 276444]
economy : 4969320034, 91, 3, [276444, 674987, 639475, 387304]
economy : 4329352629, 149, 2, [639475, 276444, 221876, 548255]
first : 7930355860, 167, 1, [104371, 276444, 904567]
economy : 1486325871, 89, 2, [674987, 904567, 391359]
economy : 9186329896, 55, 3, [639475, 904567, 548255, 406156]
business : 1627087956, 199, 1, [391359, 276444, 406156, 387304]
economy : 6812824570, 138, 0, [548255, 904567]
economy : 9395998426, 92, 2, [221876, 639475]
economy : 6259436009, 61, 10, [276444, 904567, 221876, 548255]
economy : 8415735691, 109, 0, [391359, 221876, 387304]
business : 3758026477, 67, 1, [406156, 104371, 548255]
economy : 8558093115, 105, 0, [674987, 221876]
first : 9495505441, 165, 1, [276444, 221876]
first : 7802252856, 59, 4, [406156, 387304, 674987]
economy : 6749614505, 192, 1, [548255, 221876]
first : 1268018636, 95, 2, [674987, 406156]
economy : 1299232872, 70, 4, [391359, 639475, 276444, 387304]
economy : 5557035473, 132, 3, [104371, 221876]
economy : 3601283015, 97, 1, [221876, 276444]
business : 9107053267, 51, 1, [104371, 387304, 548255]
economy : 7641740449, 137, 1, [548255, 674987]
business : 5868688347, 178, 3, [276444, 221876]
economy : 8918101650, 106, 1, [406156, 391359, 904567]
economy : 1218736112, 146, 0, [548255, 406156, 387304, 904567]
economy : 4448302658, 171, 3, [387304, 548255]
economy : 5279426414, 72, 4, [387304, 104371]
economy : 6788583379, 103, 1, [387304, 406156, 674987, 276444]
business : 5514250422, 183, 3, [548255, 904567]
economy : 3288236224, 107, 1, [276444, 104371, 548255, 387304]
economy : 6751554101, 117, 6, [548255, 639475, 406156, 674987]
economy : 7654991048, 87, 10, [387304, 104371]
economy : 3536031645, 185, 2, [904567, 391359, 104371]
economy : 8080657442, 189, 2, [904567, 548255]
economy : 7128963018, 103, 2, [639475, 674987, 904567]
economy : 1561435681, 62, 1, [221876, 548255]
economy : 6220304137, 95, 1, [104371, 904567, 639475]
economy : 7465810347, 184, 5, [639475, 387304]
economy : 7820435639, 114, 1, [674987, 276444, 639475, 387304]
business : 6567830861, 130, 0, [104371, 221876, 276444]
economy : 9221241461, 43, 2, [548255, 674987, 221876, 387304]
first : 4142263662, 185, 2, [387304, 221876]
economy : 5885776952, 145, 2, [276444, 391359, 548255]
business : 6360962718, 99, 1, [276444, 904567, 391359]
luxury : 3438794588, 110, 1, [548255, 674987, 904567, 221876]
business : 4161094402, 175, 1, [639475, 406156]
business : 7620787881, 149, 1, [548255, 391359]
economy : 9718463178, 76, 0, [391359, 904567, 276444]
business : 1822750329, 108, 7, [387304, 391359, 674987, 104371]
first : 4682490157, 182, 3, [639475, 904567]
economy : 7608770619, 123, 2, [276444, 387304, 406156, 639475]
economy : 2587920962, 94, 2, [104371, 548255, 406156]
first : 7665640815, 98, 0, [406156, 548255, 391359]
economy : 1935131920, 87, 3, [104371, 387304, 674987, 406156]
first : 2080886250, 199, 1, [391359, 221876, 674987, 904567]
economy : 2475338970, 117, 2, [391359, 276444, 221876, 674987]
economy : 9376684035, 200, 1, [674987, 221876, 387304, 276444]
economy : 9956449524, 112, 3, [639475, 674987, 221876, 904567]
economy : 6566925691, 70, 1, [548255, 391359]
economy : 1758271756, 171, 0, [904567, 391359]
economy : 7164050405, 171, 3, [104371, 639475, 674987]
economy : 9766024908, 193, 3, [674987, 391359, 276444, 548255]
economy : 9377687924, 182, 3, [639475, 674987]
economy : 2024443389, 192, 0, [548255, 221876, 391359, 904567]
economy : 3052310204, 105, 3, [406156, 904567, 639475, 674987]
first : 3770452474, 140, 3, [391359, 276444, 387304]
economy : 8859147537, 54, 1, [387304, 639475, 548255]
luxury : 2840977183, 91, 0, [276444, 904567, 391359]
economy : 8122600937, 94, 0, [639475, 904567]
business : 3862127199, 112, 10, [904567, 104371, 387304]
economy : 4816571064, 126, 6, [276444, 406156, 674987, 104371]
business : 5505019936, 126, 1, [276444, 674987]
economy : 2395019098, 56, 8, [406156, 104371, 221876, 387304]
business : 3742444487, 120, 2, [548255, 391359, 904567, 639475]
economy : 1041660144, 76, 2, [904567, 104371, 391359]
business : 5942599605, 65, 4, [406156, 639475, 104371]
economy : 6329529029, 82, 1, [391359, 639475]
economy : 5708966145, 88, 0, [276444, 674987]
economy : 5264077855, 186, 4, [391359, 221876]
first : 9315948053, 122, 0, [548255, 387304, 221876, 391359]
business : 5229624216, 76, 0, [276444, 674987, 387304]
business : 3558957090, 154, 1, [548255, 221876, 674987, 387304]
business : 2791109630, 163, 1, [221876, 276444, 674987]
economy : 9185448591, 169, 2, [221876, 548255, 406156]
business : 8860303636, 92, 9, [406156, 548255, 221876, 904567]
economy : 2615501271, 100, 2, [904567, 548255]
economy : 1797712544, 175, 2, [904567, 276444, 406156]
economy : 8199736506, 85, 2, [221876, 276444, 639475, 387304]
economy : 4726503071, 148, 8, [904567, 387304, 221876, 276444]
economy : 8799344495, 99, 8, [391359, 276444]
economy : 7587822576, 161, 2, [391359, 221876, 674987, 104371]
economy : 3079143440, 195, 3, [387304, 276444, 104371, 221876]
economy : 2142385004, 134, 9, [276444, 221876, 104371]
economy : 7748245528, 137, 4, [387304, 406156, 221876]
economy : 3346291349, 195, 2, [639475, 104371]
economy : 2871419279, 59, 2, [639475, 904567]
economy : 1036286786, 116, 3, [276444, 104371, 674987]
business : 5053608314, 108, 1, [221876, 674987, 391359, 276444]
luxury : 3921545175, 85, 2, [104371, 904567, 548255]
business : 4563622260, 124, 1, [104371, 548255, 639475, 406156]
economy : 1107218608, 180, 3, [276444, 639475]
first : 4194402988, 79, 4, [639475, 406156, 104371, 387304]
business : 3742793430, 126, 5, [904567, 221876, 104371, 276444]
economy : 6613165347, 131, 10, [276444, 674987, 904567]
business : 5789814630, 193, 1, [276444, 406156, 387304]
economy : 4542247530, 180, 2, [276444, 104371]
economy : 6911441082, 172, 2, [387304, 104371, 674987, 221876]
economy : 7958705184, 184, 3, [221876, 391359, 406156, 639475]
economy : 6841030510, 162, 1, [104371, 639475]
economy : 6234304195, 157, 2, [639475, 406156]
economy : 9006635360, 140, 5, [104371, 406156]
economy : 4092120285, 162, 3, [387304, 639475, 904567, 276444]
economy : 5327761282, 100, 3, [904567, 276444, 406156]
economy : 1068466548, 65, 8, [406156, 276444]
economy : 3471473324, 155, 2, [221876, 276444]
economy : 2938057427, 178, 1, [104371, 276444]
business : 5603874054, 51, 5, [387304, 639475, 391359]
economy : 9959118119, 109, 2, [387304, 276444]
economy : 4049792771, 196, 2, [387304, 391359, 104371]
economy : 1031639886, 136, 1, [387304, 276444, 221876]
economy : 4085187627, 95, 1, [221876, 391359]
economy : 9404147735, 125, 2, [104371, 391359]
economy : 1857185050, 133, 1, [276444, 391359]
economy : 6065874783, 73, 0, [104371, 391359, 406156, 548255]
economy : 1072027167, 117, 1, [276444, 904567, 391359]
economy : 8462746569, 148, 0, [639475, 674987, 276444]
economy : 2952524532, 189, 3, [104371, 639475]
economy : 3361136001, 63, 2, [104371, 391359]
economy : 6234266314, 60, 4, [391359, 387304, 104371]
economy : 8355398023, 115, 9, [387304, 276444, 391359]
economy : 2581962036, 152, 8, [639475, 406156, 548255, 221876]
economy : 3927385010, 101, 1, [391359, 639475]
business : 8674805214, 125, 4, [674987, 387304]
economy : 8025847414, 159, 1, [276444, 406156, 548255]
economy : 7700638527, 122, 4, [391359, 548255]
economy : 2920321510, 115, 1, [639475, 221876, 406156, 904567]
economy : 3693556466, 167, 10, [391359, 276444, 406156]
economy : 6198040863, 160, 2, [276444, 104371]
first : 8542081523, 103, 7, [548255, 639475, 406156, 221876]
economy : 8645048431, 145, 2, [221876, 276444]
economy : 2888639049, 82, 1, [904567, 387304, 221876]
economy : 4951872861, 65, 5, [904567, 387304, 406156, 221876]
business : 7845359637, 150, 3, [406156, 548255, 639475]
economy : 9568737081, 168, 1, [391359, 639475]
economy : 6445739814, 160, 1, [639475, 387304, 904567]
economy : 9801125314, 195, 10, [276444, 904567]
economy : 7332923566, 156, 4, [904567, 674987]
economy : 1990481706, 80, 0, [548255, 406156, 104371]
economy : 9510742482, 115, 10, [387304, 639475, 391359, 674987]
economy : 3510590636, 98, 1, [221876, 406156, 904567]
economy : 8290680552, 133, 5, [548255, 276444, 387304]
economy : 3144845379, 193, 2, [904567, 406156, 221876]
economy : 3130530513, 93, 6, [674987, 406156]
luxury : 1518858637, 177, 8, [391359, 548255]
business : 2465893037, 101, 5, [276444, 221876, 406156, 391359]
economy : 4477650351, 143, 0, [904567, 406156, 221876, 674987]
business : 3252328954, 84, 2, [904567, 276444, 391359]
economy : 9889187553, 113, 1, [391359, 387304, 639475]
economy : 8888235721, 105, 0, [548255, 674987, 221876, 391359]
first : 5160790620, 69, 1, [221876, 406156, 548255, 387304]
economy : 3921276873, 139, 1, [548255, 221876, 276444, 406156]
luxury : 8178179656, 164, 3, [104371, 406156, 221876, 391359]
luxury : 6384474513, 141, 0, [221876, 674987]
economy : 7962782124, 181, 5, [904567, 639475]
economy : 7572274250, 134, 1, [104371, 276444]
business : 7254487848, 48, 2, [221876, 104371]
business : 3590784214, 180, 4, [548255, 104371, 904567]
economy : 3968568338, 98, 4, [406156, 639475, 387304, 221876]
economy : 9700852673, 79, 4, [387304, 548255, 221876, 904567]
business : 7548274160, 173, 0, [221876, 904567, 387304, 674987]
economy : 1204577371, 42, 1, [391359, 548255]
economy : 7462781859, 97, 2, [104371, 639475]
economy : 5847538771, 163, 3, [406156, 674987]
business : 9538829964, 83, 1, [391359, 674987, 548255, 904567]
first : 1730521521, 97, 1, [674987, 548255]
economy : 9124384902, 85, 5, [104371, 221876, 904567, 406156]
business : 4154453138, 105, 4, [221876, 674987, 406156, 387304]
economy : 6300107621, 87, 2, [674987, 391359, 276444, 104371]
economy : 3565097763, 45, 7, [391359, 221876, 406156]
business : 9834236976, 128, 6, [104371, 674987, 406156]
economy : 5996144718, 171, 0, [904567, 548255, 639475]
business : 6655187063, 140, 1, [391359, 674987, 548255]
economy : 2385921558, 127, 2, [904567, 639475, 548255]
luxury : 2064429119, 195, 2, [674987, 548255, 391359, 104371]
economy : 9950064937, 129, 2, [639475, 221876, 276444]
luxury : 9714691966, 61, 1, [406156, 904567]
business : 8584954273, 118, 9, [276444, 674987, 548255, 387304]
economy : 6535547710, 110, 3, [406156, 387304, 391359]
economy : 1341193708, 47, 1, [548255, 406156, 904567]
economy : 5017402347, 172, 4, [674987, 221876, 904567, 639475]
economy : 6330459449, 41, 4, [406156, 548255, 674987]
economy : 9117385393, 143, 1, [391359, 904567]
business : 9073032735, 139, 1, [548255, 104371, 904567]
economy : 7823253643, 139, 0, [276444, 548255, 387304]
economy : 6301257982, 51, 2, [221876, 406156, 639475]
economy : 8270074589, 166, 1, [104371, 639475, 674987]
business : 9655212802, 185, 2, [904567, 276444, 674987, 548255]
economy : 9748329813, 148, 2, [391359, 276444, 904567]
economy : 1265962825, 57, 2, [276444, 387304, 221876]
economy : 9679471566, 89, 1, [639475, 387304, 276444]
economy : 6865734834, 175, 0, [387304, 904567, 104371, 674987]
business : 9950577011, 184, 3, [548255, 104371, 904567, 221876]
economy : 7077001657, 113, 2, [406156, 221876, 276444]
economy : 1755928285, 112, 2, [406156, 276444]
economy : 4037913261, 183, 1, [674987, 639475, 548255]
business : 4319780168, 128, 1, [674987, 904567]
economy : 2981060882, 95, 1, [387304, 221876, 391359]
business : 9317030093, 188, 1, [387304, 548255, 104371]
economy : 5733850819, 50, 2, [548255, 904567]
economy : 3706806147, 48, 1, [406156, 387304, 221876]
economy : 1303226487, 75, 1, [548255, 391359, 276444]
business : 8027706474, 136, 1, [276444, 548255, 387304]
economy : 1695753835, 83, 1, [276444, 391359, 387304]
economy : 9910221915, 88, 2, [221876, 104371, 674987, 391359]
economy : 9630105680, 127, 1, [674987, 904567]
business : 9699929856, 127, 6, [104371, 221876, 674987, 639475]
economy : 5131991863, 190, 0, [221876, 387304, 276444, 104371]
economy : 5963690522, 126, 3, [406156, 104371]
business : 2738120072, 138, 9, [406156, 104371, 904567, 548255]
economy : 4647304264, 77, 9, [548255, 406156, 221876, 639475]
economy : 4094547032, 156, 5, [674987, 387304]
business : 6859047532, 167, 2, [639475, 387304]
economy : 6336298140, 123, 4, [904567, 221876, 391359]
economy : 6244188831, 130, 0, [406156, 639475, 387304, 276444]
economy : 7873385172, 139, 6, [674987, 548255, 391359, 221876]
economy : 8073208865, 137, 1, [391359, 904567]
economy : 5596076025, 112, 2, [674987, 639475, 387304, 276444]
economy : 7799585673, 140, 1, [406156, 221876]
economy : 7782771106, 47, 1, [674987, 639475, 904567, 391359]
economy : 5290408412, 117, 2, [221876, 391359]
business : 2565368319, 111, 1, [104371, 904567, 548255]
luxury : 2688017608, 100, 6, [639475, 904567, 276444]
economy : 8665149640, 126, 2, [904567, 639475]
business : 7176903458, 86, 2, [639475, 391359, 221876]
luxury : 2440493337, 178, 3, [276444, 406156, 104371, 904567]
economy : 6017472636, 169, 1, [904567, 639475]
luxury : 1392758994, 42, 2, [221876, 639475, 674987, 904567]
economy : 9401023707, 169, 0, [904567, 391359, 639475]
economy : 4542012582, 160, 1, [387304, 674987, 548255]
economy : 8914177147, 54, 6, [639475, 674987, 104371, 391359]
economy : 3389028076, 141, 5, [674987, 548255, 387304, 104371]
economy : 5096754398, 51, 2, [674987, 387304, 406156]
economy : 1475620080, 103, 9, [104371, 276444, 387304, 391359]
economy : 4574629275, 41, 7, [639475, 221876]
economy : 3577777890, 200, 2, [674987, 639475, 391359]
business : 7815483440, 166, 0, [406156, 548255, 639475, 387304]
economy : 3679211059, 53, 4, [406156, 104371]
economy : 7149306249, 167, 2, [221876, 276444]
economy : 6862688671, 197, 0, [391359, 221876, 904567, 548255]
business : 7733982156, 79, 2, [276444, 674987, 406156]
first : 7036612984, 132, 5, [548255, 674987, 387304]
economy : 9309501497, 166, 3, [639475, 406156]
economy : 6913846897, 50, 0, [406156, 904567, 548255]
economy : 6611750805, 110, 3, [639475, 406156, 674987]
economy : 1792254847, 69, 3, [387304, 639475, 904567, 391359]
economy : 1656265087, 137, 2, [548255, 904567, 639475, 674987]
economy : 8435422225, 95, 0, [674987, 221876, 104371, 548255]
business : 2820084496, 182, 1, [639475, 276444, 221876]
economy : 8098595916, 70, 1, [639475, 276444, 387304, 391359]
economy : 1047459406, 125, 2, [391359, 387304]
economy : 2416243465, 102, 1, [904567, 639475, 548255]
economy : 6682925418, 85, 2, [904567, 406156, 639475]
economy : 3397421198, 95, 1, [104371, 221876, 674987]
economy : 6649159552, 112, 2, [639475, 548255, 391359, 387304]
economy : 5853418186, 186, 1, [548255, 674987, 391359, 639475]
economy : 6438863146, 197, 3, [391359, 387304]
economy : 9442851811, 55, 1, [104371, 221876]
economy : 7935948095, 87, 1, [639475, 406156, 674987]
economy : 8714720489, 183, 5, [406156, 104371]
business : 6764619152, 190, 0, [391359, 548255]
economy : 4568836036, 148, 3, [904567, 221876, 406156]
luxury : 2739138796, 149, 2, [104371, 406156, 548255, 904567]
economy : 7594199324, 134, 6, [548255, 406156]
first : 9851574692, 188, 0, [406156, 904567, 276444, 221876]
economy : 5805012986, 121, 2, [639475, 406156, 904567, 387304]
economy : 4690775783, 199, 2, [104371, 391359]
economy : 1266363363, 78, 3, [276444, 391359]
economy : 1617907529, 91, 1, [221876, 276444]
business : 3958776976, 162, 4, [387304, 406156, 639475]
business : 4064020035, 90, 2, [276444, 391359]
economy : 4717843650, 123, 1, [221876, 639475, 391359]
business : 6567041737, 65, 10, [406156, 387304, 221876, 904567]
economy : 5362537008, 188, 4, [904567, 391359, 548255, 674987]
economy : 5295328835, 103, 3, [104371, 406156, 674987]
economy : 2471657439, 49, 8, [904567, 674987, 104371]
economy : 8862705633, 40, 1, [104371, 387304, 674987, 548255]
business : 8105658832, 129, 0, [406156, 221876]
economy : 4918696199, 51, 3, [406156, 674987, 904567, 104371]
economy : 6290491725, 117, 5, [904567, 548255, 387304]
economy : 7360154780, 52, 4, [406156, 276444]
economy : 1312879431, 184, 7, [276444, 104371]
economy : 1347801479, 127, 4, [276444, 387304]
economy : 2468794514, 110, 1, [276444, 406156, 674987, 221876]
economy : 2613921589, 132, 1, [639475, 391359]
economy : 8016128889, 199, 2, [548255, 904567]
luxury : 7782965625, 137, 3, [406156, 548255]
economy : 9041968629, 71, 1, [674987, 387304, 639475]
economy : 3831586944, 174, 1, [639475, 391359]
economy : 1135474139, 62, 2, [391359, 674987, 387304, 904567]
business : 7472569250, 104, 1, [221876, 276444]
first : 6278953058, 160, 2, [276444, 639475, 904567]
first : 2868861354, 166, 2, [548255, 276444]
economy : 3460699667, 93, 3, [221876, 548255, 406156, 639475]
economy : 9712704440, 184, 0, [674987, 406156]
economy : 4743841544, 90, 1, [387304, 221876, 904567]
business : 3864744257, 166, 2, [391359, 548255, 221876]
first : 4787954952, 182, 2, [387304, 548255]
economy : 4582077985, 131, 1, [221876, 104371]
economy : 8116381459, 187, 7, [387304, 548255, 104371, 276444]
business : 9584470103, 48, 1, [391359, 548255]
economy : 4349812436, 87, 2, [406156, 639475]
business : 7879354627, 54, 2, [104371, 391359, 639475, 674987]
economy : 5019804518, 78, 2, [639475, 406156]
first : 2551093257, 66, 8, [406156, 221876, 104371]
economy : 7141818378, 190, 3, [548255, 639475, 904567]
business : 1611709283, 192, 3, [406156, 674987, 391359, 104371]
economy : 6622484463, 129, 0, [674987, 548255]
economy : 2524428621, 163, 0, [221876, 387304, 406156, 548255]
economy : 4261349964, 52, 0, [406156, 104371, 904567, 391359]
economy : 3119815043, 199, 2, [221876, 104371, 406156]
economy : 3093872261, 89, 2, [387304, 639475, 276444, 548255]
economy : 8523148652, 124, 1, [104371, 548255]
economy : 1547894229, 200, 1, [387304, 548255]
economy : 3601913415, 56, 2, [391359, 904567, 674987]
economy : 8796768616, 145, 0, [904567, 391359, 639475]
first : 5446801524, 72, 5, [674987, 639475, 221876]
economy : 2335603444, 100, 4, [406156, 391359, 221876]
economy : 8286547352, 172, 2, [639475, 904567, 406156, 221876]
economy : 2365691635, 169, 2, [639475, 104371, 674987]
business : 7197979706, 199, 1, [904567, 387304, 391359]
economy : 5200988668, 83, 1, [104371, 406156, 221876]
economy : 8580609295, 178, 2, [674987, 639475]
economy : 5461763763, 79, 0, [406156, 221876]
economy : 3797452346, 56, 1, [904567, 391359]
economy : 5749334946, 146, 3, [387304, 904567, 221876, 391359]
economy : 1918470894, 197, 1, [904567, 104371, 639475, 391359]
economy : 6721068654, 51, 1, [276444, 221876, 639475]
economy : 1441505519, 136, 3, [639475, 548255]
economy : 1870288859, 101, 0, [387304, 904567, 548255]
business : 2304754189, 183, 1, [639475, 276444, 674987]
economy : 5408579050, 108, 1, [904567, 104371]
economy : 7322785329, 153, 1, [674987, 391359, 387304, 548255]
economy : 5941760659, 97, 1, [276444, 406156, 674987]
economy : 2080908687, 75, 2, [406156, 639475, 104371, 674987]
business : 8137495408, 59, 1, [406156, 221876]
economy : 8082213415, 40, 2, [104371, 639475]
economy : 8255306448, 48, 0, [639475, 104371, 391359]
economy : 4296550579, 50, 2, [548255, 406156, 221876]
economy : 4074377559, 74, 1, [639475, 387304]
economy : 1584123564, 159, 2, [391359, 104371, 221876]
business : 5698364605, 110, 3, [391359, 104371]
business : 5195314080, 134, 1, [221876, 674987, 406156]
luxury : 8457615237, 99, 3, [104371, 548255, 276444, 639475]
economy : 4429147454, 133, 0, [548255, 276444, 639475, 221876]
economy : 2100794625, 45, 1, [221876, 104371, 639475, 674987]
economy : 6789778792, 70, 1, [674987, 221876, 639475, 387304]
economy : 6259225435, 86, 2, [387304, 391359, 639475]
economy : 1505504894, 185, 4, [221876, 639475]
business : 9443076351, 200, 1, [548255, 387304, 674987, 221876]
business : 8487789544, 126, 3, [387304, 391359, 104371, 639475]
business : 9347827869, 168, 2, [391359, 104371, 639475]
economy : 1517798404, 70, 3, [674987, 391359, 406156]
economy : 2363762765, 118, 3, [406156, 221876, 387304]
economy : 1485606585, 40, 4, [639475, 387304, 221876, 276444]
economy : 1416293871, 58, 1, [639475, 276444, 221876]
economy : 1008543558, 166, 3, [406156, 276444, 639475]
economy : 2680824172, 90, 1, [221876, 639475, 904567, 387304]
economy : 3695273584, 190, 0, [406156, 387304, 104371, 276444]
business : 5754723105, 68, 1, [276444, 406156, 104371]
economy : 7053856438, 184, 8, [674987, 904567, 221876]
economy : 5428758456, 156, 1, [674987, 276444, 391359, 904567]
economy : 7855275652, 84, 5, [221876, 104371, 406156, 276444]
economy : 3168913752, 179, 3, [104371, 904567, 639475]
economy : 6847261125, 173, 7, [639475, 391359]
luxury : 7595611293, 137, 0, [639475, 387304, 904567]
business : 8682092070, 140, 0, [391359, 221876]
economy : 2029457414, 117, 1, [276444, 639475]
economy : 2911081085, 50, 0, [104371, 391359, 387304]
business : 4092176193, 125, 1, [387304, 406156, 391359, 221876]
economy : 1435238671, 182, 2, [674987, 387304]
business : 6954290599, 117, 8, [221876, 674987]
business : 8138285405, 128, 3, [221876, 391359]
economy : 7380352607, 196, 10, [276444, 674987]
business : 6670468608, 154, 1, [548255, 639475, 221876, 904567]
luxury : 6860243609, 134, 3, [904567, 276444, 548255]
first : 9136877134, 168, 1, [406156, 674987]
luxury : 2179079387, 41, 3, [548255, 904567, 104371, 387304]
economy : 1269130061, 92, 2, [387304, 548255]
economy : 6827074242, 115, 9, [276444, 221876, 548255]
economy : 4392004284, 45, 5, [104371, 548255]
economy : 1299098181, 196, 2, [387304, 406156]
economy : 3605166653, 47, 2, [904567, 406156, 104371]
economy : 1186791156, 174, 2, [674987, 548255]
economy : 8621663669, 62, 1, [391359, 406156, 548255]
economy : 5789220181, 51, 7, [674987, 221876, 904567, 406156]
economy : 6963850191, 101, 2, [674987, 391359, 406156, 221876]
business : 9908295571, 119, 3, [391359, 674987]
luxury : 3680416128, 160, 3, [674987, 221876, 276444, 904567]
first : 6053380064, 70, 0, [391359, 904567]
economy : 6385580893, 170, 3, [639475, 104371, 674987, 221876]
first : 2429636202, 109, 0, [104371, 221876]
luxury : 1183841832, 81, 0, [406156, 904567, 276444]
economy : 5365813291, 146, 1, [548255, 639475]
economy : 7028919188, 150, 6, [104371, 639475]
first : 8600730531, 50, 5, [548255, 674987, 406156]
business : 3382992718, 142, 4, [674987, 904567, 406156, 391359]
economy : 7910528167, 131, 2, [904567, 387304, 548255, 406156]
economy : 5650641773, 112, 1, [391359, 548255, 104371, 674987]
first : 7962116746, 100, 3, [104371, 639475, 387304, 548255]
economy : 2473975218, 110, 2, [406156, 387304]
economy : 7418542328, 86, 3, [904567, 104371]
business : 9688641761, 44, 3, [276444, 639475, 406156, 674987]
economy : 4457533058, 63, 1, [406156, 674987, 548255, 276444]
economy : 7107527103, 73, 1, [387304, 674987, 104371, 904567]
business : 1812955228, 100, 1, [639475, 391359, 104371]
economy : 3091844777, 153, 0, [548255, 391359]
economy : 2316374418, 66, 4, [104371, 548255, 221876]
luxury : 8083045675, 199, 1, [639475, 391359, 221876, 548255]
economy : 2926633418, 46, 9, [221876, 674987]
economy : 8561350674, 55, 1, [904567, 387304]
business : 8800370296, 79, 0, [104371, 391359]
economy : 2459171384, 85, 0, [406156, 387304]
economy : 5566791423, 118, 0, [391359, 221876]
economy : 4743948183, 71, 5, [904567, 639475, 406156, 221876]
luxury : 7895582919, 58, 1, [221876, 387304, 406156]
luxury : 4303872667, 181, 4, [391359, 104371]
economy : 7065854449, 40, 3, [387304, 548255, 221876, 639475]
first : 6049408341, 63, 2, [391359, 221876, 639475, 387304]
economy : 8761922918, 67, 1, [639475, 104371, 387304, 391359]
economy : 6520112987, 139, 2, [406156, 904567, 387304, 674987]
first : 4897802469, 59, 2, [548255, 104371, 674987, 639475]
economy : 5697230149, 146, 1, [406156, 904567, 391359]
business : 7873312985, 70, 0, [639475, 276444]
luxury : 2011105889, 183, 0, [904567, 406156]
economy : 4473228391, 142, 3, [406156, 387304, 674987, 391359]
economy : 6854574047, 55, 4, [674987, 221876, 639475, 406156]
economy : 9839019808, 116, 1, [904567, 674987, 104371, 221876]
economy : 7036100404, 129, 3, [391359, 674987]
economy : 9263181810, 85, 1, [904567, 406156]
economy : 7111127025, 118, 2, [104371, 548255]
economy : 6098152534, 103, 2, [406156, 391359]
economy : 7598758966, 91, 9, [104371, 639475, 674987]
economy : 2703472457, 96, 2, [221876, 104371, 639475]
business : 5899297220, 55, 3, [639475, 674987, 904567]
economy : 3513818285, 118, 4, [387304, 548255, 639475, 674987]
economy : 4682750373, 98, 2, [104371, 221876, 391359, 639475]
economy : 6970928610, 80, 1, [674987, 639475]
business : 7439899989, 84, 0, [391359, 674987, 548255]
economy : 4772493976, 152, 2, [276444, 104371]
business : 8078705733, 166, 2, [406156, 904567, 548255, 276444]
economy : 7716851505, 72, 4, [548255, 904567, 104371, 276444]
economy : 1275207491, 163, 6, [406156, 104371]
economy : 3465637818, 86, 0, [639475, 221876, 548255, 276444]
economy : 5911395835, 100, 0, [639475, 221876]
economy : 3635983083, 95, 5, [221876, 104371, 548255]
business : 1912873288, 70, 2, [104371, 548255, 221876]
economy : 5078940592, 154, 1, [639475, 391359, 276444]
luxury : 4342453154, 193, 0, [276444, 406156]
economy : 6240860289, 159, 2, [276444, 904567]
economy : 8683489474, 84, 2, [674987, 406156, 391359]
business : 8314394658, 111, 2, [904567, 548255]
business : 8261566012, 78, 0, [391359, 221876, 904567]
economy : 3789321588, 97, 0, [391359, 548255, 406156, 674987]
business : 3255837886, 66, 2, [276444, 904567]
business : 3089814871, 189, 4, [276444, 221876, 104371, 548255]
economy : 6477064137, 148, 1, [391359, 548255, 221876]
economy : 1570501634, 140, 1, [548255, 904567, 221876, 406156]
economy : 9025890221, 180, 1, [221876, 387304]
economy : 3009432408, 108, 7, [548255, 387304]
business : 9784780415, 95, 4, [221876, 104371, 904567]
economy : 7160078512, 58, 3, [548255, 387304]
economy : 1911570807, 42, 2, [904567, 674987, 221876, 387304]
business : 6487904923, 66, 1, [639475, 548255, 406156, 104371]
first : 8388149898, 57, 2, [639475, 674987]
economy : 3672464332, 59, 3, [391359, 387304, 674987, 904567]
business : 3416949224, 140, 1, [104371, 391359, 674987]
business : 6912726869, 175, 2, [639475, 276444, 674987, 391359]
economy : 3932861515, 65, 1, [904567, 387304, 406156, 674987]
business : 6829423526, 169, 0, [904567, 221876, 276444]
economy : 1141694201, 53, 1, [674987, 548255, 904567, 104371]
economy : 2735152709, 120, 10, [104371, 221876, 387304, 548255]
business : 9275704755, 71, 1, [387304, 406156]
economy : 4016523221, 183, 2, [221876, 548255, 639475]
economy : 3384911829, 185, 3, [391359, 548255, 639475, 406156]
economy : 2384854546, 84, 5, [104371, 548255]
economy : 7655250919, 171, 5, [387304, 548255, 391359]
first : 5025395514, 40, 2, [391359, 406156, 221876, 387304]
business : 2095625771, 166, 8, [387304, 639475]
economy : 5904038484, 185, 3, [406156, 391359]
economy : 5660870439, 72, 2, [639475, 406156]
business : 7602723721, 51, 7, [639475, 221876, 276444, 104371]
business : 2269339137, 155, 3, [387304, 391359, 548255, 276444]
economy : 1185327995, 51, 9, [391359, 639475, 221876, 904567]
economy : 1241961685, 111, 1, [104371, 276444, 639475, 221876]
economy : 8877951193, 147, 2, [406156, 276444, 639475]
business : 1191308508, 146, 2, [904567, 221876, 387304]
economy : 3960602290, 81, 9, [104371, 674987, 639475]
economy : 4427518321, 58, 2, [104371, 276444]
economy : 4559856791, 171, 1, [104371, 639475, 276444, 391359]
economy : 7092557432, 44, 0, [904567, 387304, 391359]
economy : 6646991418, 125, 1, [904567, 387304, 406156, 674987]
economy : 5484313294, 86, 1, [104371, 406156, 674987, 276444]
economy : 9418312347, 81, 1, [276444, 639475, 904567]
economy : 6574889930, 40, 4, [904567, 276444, 548255]
economy : 9291596784, 90, 2, [904567, 387304, 674987]
luxury : 6164215091, 146, 0, [904567, 639475, 221876]
economy : 9941362159, 85, 2, [104371, 904567]
first : 8311306175, 145, 2, [276444, 639475, 674987]
economy : 7796515955, 191, 1, [221876, 391359, 639475]
economy : 7976236832, 189, 1, [904567, 674987, 639475]
economy : 6450341622, 97, 1, [639475, 276444, 904567, 387304]
business : 4960267042, 190, 2, [674987, 221876]
economy : 2804754136, 160, 5, [387304, 639475, 406156, 904567]
economy : 3903854299, 156, 3, [904567, 276444]
business : 4269403911, 62, 1, [391359, 904567, 639475]
business : 7652370932, 64, 1, [639475, 406156, 221876]
economy : 3648449154, 164, 2, [674987, 221876, 904567, 387304]
business : 5156502620, 86, 1, [904567, 391359, 221876]
economy : 4082088697, 46, 3, [387304, 548255, 221876]
economy : 2167783053, 181, 0, [639475, 391359, 406156]
economy : 3266977340, 76, 0, [387304, 639475]
economy : 9605516845, 89, 1, [391359, 639475, 221876]
economy : 2996014105, 157, 2, [548255, 904567, 391359, 104371]
economy : 8288585273, 148, 3, [674987, 639475]
economy : 7662631518, 142, 1, [674987, 548255]
economy : 9298673410, 71, 1, [406156, 104371]
economy : 7348254060, 73, 1, [104371, 387304, 548255]
business : 5620923122, 196, 1, [391359, 674987]
economy : 8378844497, 142, 0, [276444, 221876]
first : 3697613466, 72, 2, [276444, 674987, 387304]
economy : 9673441377, 174, 8, [904567, 276444, 406156, 548255]
economy : 8692214821, 122, 2, [904567, 221876]
economy : 7998541185, 127, 2, [104371, 548255]
economy : 2036293557, 40, 3, [904567, 387304]
economy : 3445558515, 179, 0, [904567, 674987, 391359]
economy : 1494168871, 60, 9, [387304, 639475, 904567, 548255]
economy : 6945208714, 103, 1, [221876, 674987, 104371]
economy : 6506408875, 135, 1, [387304, 406156]
economy : 3515474646, 95, 0, [548255, 639475, 387304]
