5 10 1556
12168 11452.5 16011 18216 5650
major : 691508, -2124, 1404, 76.34, 232250, 1
regional : 596864, 1446, 1260, 85.14, 197200, 1
regional : 543349, 177, 111, 86.46, 123200, 2
major : 376081, 1157, 1767, 68.42, 243000, 2
regional : 494695, 3335, 59, 92.95, 103000, 1
regional : 485915, -1196, -3028, 87.67, 178600, 1
major : 836887, -470, 50, 70.73, 225250, 2
regional : 641229, 1003, 391, 92.95, 124800, 1
regional : 994687, 156, 942, 100.65, 182600, 1
regional : 558782, 1119, 2908, 77.55, 178800, 1
economy : 2643034664, 136, 1, [494695, 836887]
economy : 1514785190, 173, 2, [494695, 691508]
business : 2187710215, 45, 0, [543349, 376081]
business : 9341084852, 153, 1, [485915, 691508]
economy : 4344924167, 65, 3, [543349, 494695]
economy : 8414637033, 81, 1, [994687, 596864]
economy : 8640231574, 65, 1, [558782, 494695]
economy : 2051979650, 61, 3, [994687, 376081]
economy : 1235647457, 103, 1, [376081, 836887]
first : 7404824009, 75, 1, [543349, 691508]
economy : 8515957442, 53, 2, [836887, 641229]
economy : 6352450626, 131, 4, [641229, 558782]
economy : 3496733580, 124, 4, [596864, 494695]
first : 1498726404, 143, 10, [691508, 994687]
economy : 9492348910, 95, 4, [596864, 691508]
economy : 8851024164, 186, 1, [596864, 494695]
economy : 7295272898, 81, 2, [836887, 376081]
economy : 7432383153, 122, 2, [376081, 994687]
business : 6730944378, 127, 1, [994687, 641229]
economy : 4810193611, 175, 1, [494695, 641229]
first : 5383089363, 56, 1, [994687, 494695]
economy : 8214013042, 63, 5, [376081, 558782]
economy : 5085394633, 79, 3, [494695, 558782]
first : 1411476717, 50, 0, [558782, 494695]
economy : 8494104431, 158, 2, [836887, 994687]
economy : 6250947839, 169, 0, [641229, 596864]
first : 8021547564, 88, 0, [494695, 836887]
first : 3108831709, 198, 2, [994687, 596864]
economy : 8002081005, 87, 1, [543349, 494695]
economy : 3678330362, 184, 0, [558782, 485915]
economy : 9674979251, 172, 4, [836887, 376081]
first : 8470435517, 187, 3, [543349, 494695]
business : 5601994578, 92, 1, [376081, 543349]
business : 1136443475, 164, 3, [376081, 485915]
business : 4270540233, 195, 0, [376081, 641229]
economy : 1466632919, 161, 0, [494695, 596864]
economy : 2049034038, 129, 4, [558782, 994687]
economy : 4159608982, 68, 2, [543349, 485915]
business : 5329012573, 161, 1, [994687, 596864]
economy : 9359328993, 88, 1, [994687, 485915]
economy : 6611412804, 47, 4, [376081, 994687]
economy : 8844267796, 68, 2, [376081, 641229]
economy : 8630558987, 102, 1, [994687, 596864]
business : 5000468559, 103, 2, [494695, 596864]
economy : 1018113770, 94, 1, [376081, 691508]
economy : 1128736361, 89, 2, [543349, 558782]
economy : 9527431434, 57, 1, [994687, 558782]
business : 6234009155, 104, 0, [691508, 994687]
economy : 9323916203, 191, 8, [494695, 641229]
economy : 2092148599, 192, 1, [376081, 543349]
economy : 3816773544, 84, 0, [836887, 543349]
economy : 7639320663, 65, 2, [641229, 994687]
economy : 7465599832, 195, 2, [691508, 994687]
economy : 4760538274, 44, 4, [691508, 994687]
economy : 2045745018, 185, 3, [596864, 376081]
economy : 3488707282, 153, 1, [485915, 494695]
economy : 6066771533, 109, 2, [494695, 641229]
business : 4461054219, 51, 3, [994687, 836887]
economy : 6022742955, 114, 0, [376081, 558782]
first : 2174570147, 77, 5, [691508, 485915]
economy : 6381259414, 116, 0, [543349, 691508]
economy : 3352830004, 139, 4, [596864, 641229]
economy : 9273249211, 141, 2, [596864, 558782]
economy : 2546414774, 193, 2, [558782, 494695]
business : 5119862118, 95, 1, [494695, 994687]
economy : 7947590446, 106, 2, [543349, 641229]
economy : 2186267978, 161, 10, [836887, 994687]
economy : 5044224777, 119, 1, [494695, 994687]
economy : 9587969704, 69, 0, [485915, 376081]
economy : 9431860893, 86, 6, [596864, 994687]
business : 3047769725, 192, 1, [994687, 836887]
economy : 7152758038, 132, 0, [543349, 836887]
economy : 6606965080, 82, 6, [376081, 558782]
first : 4351955915, 58, 0, [376081, 543349]
economy : 9172528858, 143, 1, [376081, 543349]
business : 5159259637, 161, 2, [494695, 691508]
economy : 5963100157, 148, 5, [494695, 558782]
economy : 4877522801, 195, 3, [691508, 494695]
economy : 2001658399, 197, 5, [558782, 691508]
economy : 1141669093, 126, 3, [691508, 836887]
business : 8483561630, 124, 1, [485915, 836887]
economy : 9516305526, 99, 2, [691508, 596864]
economy : 3015967117, 98, 9, [596864, 994687]
first : 6458024685, 46, 5, [543349, 558782]
business : 1730168008, 144, 1, [596864, 494695]
economy : 4492592168, 129, 6, [596864, 494695]
business : 7793800479, 104, 3, [994687, 558782]
economy : 4228394124, 152, 1, [994687, 691508]
business : 5817226045, 79, 1, [543349, 558782]
first : 7309616533, 195, 1, [836887, 994687]
business : 9178890110, 111, 6, [558782, 836887]
economy : 4987036699, 78, 5, [994687, 485915]
economy : 2825505445, 99, 0, [558782, 376081]
economy : 4155668250, 108, 1, [836887, 543349]
economy : 7895917923, 64, 1, [376081, 641229]
economy : 6972187711, 199, 4, [641229, 596864]
economy : 5214818558, 84, 2, [836887, 485915]
economy : 5716170981, 198, 0, [494695, 485915]
economy : 9450606858, 100, 5, [994687, 596864]
economy : 4891336943, 85, 1, [691508, 558782]
economy : 6208897436, 167, 6, [543349, 994687]
business : 5470253577, 168, 1, [485915, 558782]
economy : 7355223628, 49, 2, [994687, 376081]
economy : 4886930398, 63, 3, [494695, 836887]
economy : 2845559436, 96, 2, [485915, 543349]
economy : 6549037034, 186, 6, [558782, 836887]
first : 5995538309, 165, 2, [485915, 376081]
economy : 2809554853, 124, 3, [485915, 691508]
economy : 9299675632, 62, 1, [994687, 558782]
business : 3417845410, 126, 1, [558782, 543349]
economy : 9984627332, 163, 0, [485915, 558782]
luxury : 5311373953, 48, 1, [691508, 376081]
business : 8014107588, 168, 1, [691508, 558782]
economy : 1524624596, 106, 1, [494695, 596864]
economy : 1472541635, 138, 1, [485915, 558782]
business : 2397399504, 105, 1, [596864, 691508]
business : 4733485110, 152, 4, [596864, 691508]
economy : 6006696256, 82, 0, [596864, 543349]
economy : 7028027650, 119, 0, [691508, 485915]
economy : 6789371282, 144, 7, [558782, 543349]
economy : 4440761684, 200, 2, [543349, 836887]
economy : 6906051894, 109, 0, [543349, 494695]
economy : 6065988325, 46, 2, [543349, 691508]
economy : 9928599755, 63, 1, [485915, 543349]
economy : 7026750995, 198, 0, [558782, 485915]
economy : 5267253735, 102, 1, [836887, 376081]
economy : 6405839640, 90, 1, [558782, 376081]
business : 4439105910, 139, 3, [543349, 641229]
business : 6871756219, 86, 1, [836887, 485915]
economy : 3418589960, 46, 1, [558782, 994687]
economy : 4084193123, 113, 0, [543349, 494695]
economy : 2747280354, 174, 2, [494695, 485915]
luxury : 5434177880, 93, 2, [376081, 641229]
first : 2952773581, 120, 0, [836887, 558782]
first : 7583843228, 60, 1, [494695, 543349]
business : 3913448334, 178, 0, [543349, 558782]
luxury : 6319281274, 150, 0, [836887, 596864]
economy : 6480012370, 47, 2, [691508, 641229]
economy : 8064475517, 86, 1, [485915, 641229]
first : 9464677649, 188, 1, [596864, 641229]
business : 3382774840, 110, 0, [994687, 836887]
economy : 2419304353, 42, 4, [485915, 558782]
business : 2522628037, 113, 9, [558782, 994687]
business : 8690119365, 178, 1, [494695, 836887]
economy : 3050162078, 193, 1, [485915, 994687]
economy : 8338376089, 126, 1, [641229, 376081]
luxury : 6382612280, 41, 1, [596864, 494695]
luxury : 5950003523, 183, 2, [376081, 691508]
economy : 4896336433, 66, 4, [543349, 836887]
luxury : 4596690058, 105, 5, [836887, 494695]
business : 8534333152, 137, 3, [543349, 596864]
economy : 7579777904, 84, 2, [558782, 485915]
economy : 9796657731, 84, 4, [543349, 494695]
business : 7318605440, 89, 1, [543349, 494695]
economy : 2268026106, 200, 5, [543349, 485915]
business : 8341586033, 56, 1, [376081, 691508]
first : 5944808040, 147, 4, [596864, 376081]
economy : 4388201588, 110, 2, [836887, 494695]
economy : 7129134326, 140, 1, [376081, 994687]
economy : 5058036650, 71, 2, [376081, 641229]
economy : 6174066968, 124, 1, [543349, 376081]
first : 9941257195, 83, 1, [994687, 494695]
economy : 5880034543, 95, 0, [494695, 994687]
business : 9248765282, 156, 0, [485915, 691508]
economy : 7045580472, 118, 1, [485915, 558782]
business : 4857981204, 73, 5, [836887, 994687]
business : 7105403196, 72, 1, [836887, 994687]
economy : 9494098429, 57, 0, [596864, 994687]
economy : 8040846085, 183, 1, [543349, 836887]
economy : 6143634893, 107, 1, [558782, 641229]
business : 8656190865, 187, 2, [485915, 691508]
economy : 5553253132, 124, 3, [691508, 994687]
economy : 1171965745, 171, 5, [836887, 994687]
economy : 6262617661, 114, 3, [543349, 494695]
economy : 4774678260, 70, 10, [558782, 596864]
economy : 4840357885, 168, 4, [376081, 558782]
economy : 6416628814, 131, 2, [994687, 376081]
economy : 7921324467, 66, 0, [994687, 485915]
economy : 9254368085, 43, 1, [836887, 994687]
economy : 5129251121, 145, 2, [691508, 543349]
economy : 5728307252, 74, 4, [485915, 596864]
economy : 9814008051, 177, 0, [641229, 494695]
business : 7251520851, 158, 2, [691508, 494695]
economy : 8682579865, 117, 1, [994687, 376081]
economy : 4885949401, 45, 0, [596864, 494695]
economy : 5349728412, 162, 2, [376081, 641229]
economy : 9529398945, 126, 4, [494695, 376081]
economy : 2126334332, 131, 0, [641229, 994687]
economy : 7958989817, 180, 1, [836887, 596864]
economy : 5628067136, 68, 8, [691508, 596864]
business : 9124184074, 143, 2, [543349, 558782]
economy : 1877861870, 186, 8, [994687, 558782]
economy : 5550412429, 86, 2, [641229, 494695]
first : 9634971027, 63, 1, [596864, 994687]
economy : 5513871020, 86, 4, [543349, 641229]
economy : 8734630112, 55, 6, [836887, 558782]
economy : 7647758103, 99, 3, [494695, 691508]
economy : 9796591818, 174, 1, [494695, 376081]
economy : 9146346106, 132, 0, [543349, 596864]
economy : 9755316181, 185, 2, [558782, 596864]
economy : 5411194224, 194, 1, [994687, 836887]
business : 2071184385, 167, 1, [543349, 558782]
economy : 5313841731, 95, 1, [641229, 494695]
economy : 8851691304, 162, 10, [836887, 994687]
economy : 9856832548, 46, 2, [994687, 558782]
economy : 9563361663, 69, 3, [596864, 691508]
economy : 8145477335, 131, 9, [691508, 494695]
economy : 7835924681, 147, 2, [558782, 376081]
economy : 2031506945, 76, 10, [494695, 543349]
luxury : 3753838487, 198, 1, [596864, 994687]
economy : 6999331503, 179, 6, [485915, 543349]
business : 7005352573, 45, 4, [485915, 994687]
economy : 2574154215, 51, 1, [543349, 485915]
economy : 4370708112, 76, 2, [691508, 558782]
business : 2233079328, 129, 10, [596864, 485915]
business : 6888367350, 168, 1, [641229, 596864]
economy : 6698769662, 118, 2, [836887, 558782]
first : 4024315726, 94, 3, [836887, 494695]
economy : 4062918511, 106, 1, [376081, 558782]
economy : 7654392141, 90, 7, [494695, 485915]
economy : 7713415018, 123, 0, [641229, 494695]
economy : 3448750739, 114, 2, [836887, 543349]
economy : 9973822784, 124, 7, [641229, 836887]
economy : 5143771372, 194, 1, [558782, 376081]
economy : 4666903562, 56, 2, [836887, 596864]
economy : 8943954162, 107, 6, [596864, 691508]
first : 3118851672, 191, 1, [494695, 596864]
economy : 2365171390, 140, 0, [485915, 558782]
economy : 1644347993, 199, 2, [376081, 691508]
economy : 4596441654, 95, 2, [376081, 558782]
economy : 3155128043, 190, 1, [543349, 641229]
business : 5801956636, 88, 2, [836887, 994687]
economy : 6332396507, 48, 1, [558782, 641229]
economy : 3465292488, 146, 0, [543349, 691508]
economy : 6071477446, 122, 1, [641229, 543349]
first : 1151830312, 116, 1, [485915, 641229]
economy : 6893492272, 114, 2, [494695, 691508]
economy : 3727086021, 140, 1, [994687, 596864]
economy : 6111916531, 138, 1, [596864, 691508]
business : 4896945307, 133, 6, [543349, 376081]
business : 9705264697, 83, 3, [641229, 596864]
business : 6713580999, 113, 1, [494695, 485915]
economy : 8789484794, 165, 5, [994687, 376081]
economy : 7591723086, 110, 2, [543349, 485915]
economy : 3709386049, 83, 3, [558782, 494695]
economy : 9649462977, 140, 2, [485915, 494695]
first : 5427635724, 152, 5, [994687, 543349]
economy : 7883785244, 190, 3, [376081, 485915]
economy : 7665211519, 185, 1, [836887, 994687]
economy : 2913435516, 145, 3, [994687, 494695]
economy : 7277370668, 115, 2, [994687, 376081]
economy : 9454148542, 68, 1, [543349, 485915]
economy : 9079605552, 67, 4, [994687, 485915]
first : 8008296708, 198, 2, [691508, 494695]
economy : 8490009880, 72, 0, [558782, 836887]
economy : 1588828182, 86, 3, [376081, 494695]
first : 6178417497, 157, 4, [641229, 596864]
economy : 6235111840, 52, 3, [994687, 543349]
economy : 5720013762, 158, 6, [558782, 485915]
first : 2138223051, 184, 0, [994687, 691508]
business : 8136917022, 57, 1, [543349, 376081]
economy : 3783599037, 107, 4, [641229, 543349]
economy : 1896825862, 163, 3, [543349, 641229]
economy : 9626803647, 154, 6, [836887, 494695]
economy : 1006119764, 181, 0, [558782, 376081]
economy : 2269431851, 45, 1, [558782, 641229]
business : 6913595915, 181, 1, [596864, 641229]
first : 9935270322, 174, 2, [558782, 494695]
economy : 1755985574, 42, 1, [558782, 691508]
first : 8434756007, 182, 3, [494695, 485915]
business : 8289739630, 175, 0, [558782, 485915]
business : 6182382576, 149, 2, [641229, 543349]
economy : 4002696275, 66, 2, [836887, 494695]
first : 2176598045, 184, 1, [596864, 485915]
economy : 1761339466, 95, 1, [691508, 485915]
economy : 6514955443, 101, 2, [641229, 376081]
economy : 7431105522, 104, 2, [691508, 558782]
business : 7061580562, 191, 2, [994687, 641229]
economy : 2664374383, 45, 0, [641229, 485915]
economy : 9274223201, 112, 2, [596864, 994687]
economy : 6168386796, 119, 1, [376081, 836887]
economy : 5847084447, 89, 2, [836887, 994687]
economy : 3701061656, 160, 2, [376081, 543349]
business : 8760012505, 117, 10, [558782, 691508]
business : 6948893115, 157, 3, [376081, 691508]
economy : 2052227636, 116, 2, [376081, 691508]
economy : 5544722879, 83, 2, [596864, 376081]
business : 7711766330, 183, 0, [494695, 691508]
luxury : 7969381730, 88, 1, [558782, 494695]
economy : 7389287857, 98, 1, [994687, 376081]
luxury : 6729015953, 168, 1, [376081, 994687]
economy : 8670135304, 131, 0, [494695, 641229]
economy : 6462693937, 194, 4, [994687, 691508]
economy : 7502485258, 176, 1, [641229, 543349]
economy : 4465764501, 65, 1, [596864, 836887]
business : 3362968423, 47, 0, [485915, 558782]
economy : 6882873421, 172, 3, [994687, 494695]
business : 8321036633, 42, 1, [494695, 376081]
economy : 7179670859, 106, 1, [485915, 543349]
first : 6757927888, 105, 5, [836887, 641229]
first : 4501368021, 121, 3, [641229, 543349]
business : 9118676320, 168, 1, [641229, 485915]
business : 4516371699, 55, 1, [376081, 494695]
business : 3593837748, 177, 2, [376081, 558782]
business : 9434321882, 124, 0, [543349, 485915]
economy : 7966741674, 157, 4, [994687, 691508]
business : 2896672474, 131, 0, [691508, 994687]
economy : 5797781765, 151, 10, [691508, 641229]
business : 4302010510, 133, 2, [485915, 558782]
business : 9578317967, 186, 1, [596864, 641229]
first : 2563803273, 98, 0, [691508, 994687]
business : 3395422826, 74, 1, [641229, 994687]
business : 2631573593, 129, 2, [494695, 641229]
business : 4522007274, 162, 3, [596864, 543349]
business : 5449636522, 182, 1, [485915, 994687]
business : 1504040063, 179, 5, [641229, 836887]
business : 6315627119, 78, 0, [836887, 596864]
economy : 5844650774, 75, 2, [494695, 376081]
business : 1575526111, 189, 1, [543349, 836887]
economy : 2152377557, 177, 1, [485915, 691508]
economy : 4433158513, 127, 3, [485915, 836887]
economy : 6639171119, 193, 1, [691508, 494695]
economy : 2935452316, 135, 0, [494695, 596864]
business : 1438858146, 48, 1, [641229, 376081]
first : 6310913818, 109, 1, [543349, 596864]
economy : 5593090623, 107, 3, [641229, 543349]
economy : 5770995230, 90, 1, [485915, 543349]
economy : 5673441556, 192, 3, [641229, 543349]
business : 9238628632, 84, 6, [543349, 641229]
first : 2108791329, 189, 0, [376081, 596864]
luxury : 9042007140, 109, 2, [494695, 485915]
business : 9576372118, 174, 2, [994687, 691508]
economy : 8027792408, 156, 1, [494695, 691508]
economy : 3907561981, 197, 1, [558782, 543349]
economy : 6967386906, 177, 0, [596864, 494695]
economy : 4393093745, 98, 2, [994687, 641229]
economy : 4838688924, 102, 2, [994687, 836887]
first : 3130830448, 63, 5, [641229, 994687]
economy : 6772172747, 79, 9, [376081, 836887]
business : 2731638196, 158, 7, [494695, 596864]
economy : 3611817984, 64, 0, [641229, 543349]
first : 7554617841, 52, 0, [641229, 836887]
economy : 8676707986, 88, 5, [494695, 543349]
business : 3633878327, 156, 6, [558782, 994687]
economy : 2129860838, 187, 2, [494695, 543349]
economy : 1959337836, 114, 2, [376081, 691508]
economy : 8773139087, 64, 0, [376081, 485915]
economy : 3009671725, 161, 2, [836887, 641229]
economy : 7888297136, 80, 0, [485915, 641229]
economy : 2367059816, 157, 3, [691508, 994687]
economy : 6187937084, 42, 0, [994687, 596864]
economy : 2010614786, 71, 2, [691508, 558782]
business : 2277738858, 45, 2, [641229, 691508]
economy : 7785644021, 152, 8, [543349, 485915]
economy : 7111738403, 56, 1, [543349, 485915]
economy : 9156350906, 198, 1, [836887, 641229]
economy : 4722865544, 85, 9, [376081, 691508]
business : 8989750977, 176, 1, [543349, 494695]
business : 5862190403, 47, 1, [836887, 558782]
business : 8639830152, 41, 4, [836887, 543349]
economy : 3667528352, 103, 8, [596864, 376081]
business : 4344359893, 90, 9, [485915, 376081]
business : 6973785817, 88, 2, [494695, 376081]
business : 9651167736, 86, 0, [836887, 494695]
economy : 8452037604, 89, 2, [641229, 543349]
economy : 8851103916, 117, 0, [485915, 494695]
business : 6390512547, 150, 0, [376081, 691508]
economy : 3186737561, 116, 3, [558782, 485915]
economy : 8025000823, 148, 0, [641229, 994687]
economy : 4165701691, 165, 5, [836887, 558782]
economy : 5832926743, 102, 2, [543349, 376081]
economy : 6252209112, 118, 3, [376081, 485915]
business : 4144168051, 129, 1, [596864, 494695]
first : 2725938946, 179, 7, [543349, 641229]
economy : 2897694939, 132, 2, [543349, 691508]
economy : 4849051355, 130, 2, [691508, 994687]
economy : 1024018049, 192, 0, [543349, 691508]
economy : 6515971326, 62, 1, [994687, 494695]
economy : 5142726306, 175, 3, [376081, 691508]
economy : 1946868638, 196, 0, [596864, 543349]
economy : 4201796953, 113, 0, [836887, 494695]
economy : 6392052076, 111, 2, [376081, 836887]
economy : 7790501712, 109, 1, [376081, 596864]
economy : 4535378536, 44, 0, [691508, 543349]
economy : 4721525046, 182, 0, [485915, 641229]
economy : 5004445266, 60, 0, [543349, 558782]
luxury : 6956907968, 74, 5, [558782, 994687]
economy : 1084234193, 170, 3, [558782, 836887]
economy : 5676927788, 189, 2, [543349, 376081]
business : 7611035331, 161, 0, [994687, 691508]
economy : 9396264031, 187, 10, [994687, 836887]
economy : 9447238926, 137, 1, [485915, 691508]
economy : 7888936565, 104, 2, [641229, 691508]
economy : 3553995786, 163, 2, [494695, 543349]
economy : 9979726434, 135, 2, [836887, 994687]
business : 2461662246, 196, 0, [691508, 994687]
economy : 7722738284, 41, 0, [376081, 485915]
economy : 3246068306, 118, 1, [836887, 543349]
economy : 5775413174, 65, 2, [994687, 691508]
economy : 1065036124, 85, 1, [494695, 543349]
economy : 4888918136, 124, 1, [641229, 596864]
economy : 3834831364, 106, 1, [494695, 376081]
economy : 7043282756, 79, 0, [485915, 994687]
economy : 1485036341, 47, 2, [596864, 836887]
business : 9940109064, 136, 9, [641229, 494695]
economy : 9346806586, 178, 0, [596864, 543349]
business : 3156091368, 157, 0, [543349, 836887]
economy : 1161387047, 158, 0, [543349, 494695]
economy : 4903623048, 106, 1, [691508, 994687]
economy : 9321274561, 109, 2, [543349, 596864]
economy : 6145526964, 79, 0, [494695, 596864]
economy : 9010297630, 54, 6, [836887, 543349]
economy : 3175661662, 98, 1, [691508, 558782]
economy : 9352234154, 50, 2, [494695, 376081]
first : 5671223622, 139, 9, [494695, 836887]
economy : 8526056428, 82, 2, [485915, 558782]
economy : 4039946980, 120, 1, [558782, 994687]
economy : 4069482070, 95, 6, [994687, 641229]
economy : 2699613628, 145, 2, [596864, 641229]
economy : 4265835454, 53, 4, [558782, 543349]
business : 3978648390, 173, 2, [596864, 376081]
economy : 4631885218, 48, 2, [494695, 691508]
business : 9030118432, 188, 2, [494695, 641229]
economy : 7219445020, 157, 0, [376081, 596864]
economy : 8376774998, 98, 1, [494695, 543349]
economy : 3356011886, 93, 0, [836887, 596864]
economy : 3507905615, 41, 1, [494695, 994687]
business : 4577603285, 47, 2, [641229, 494695]
business : 6529160596, 145, 5, [641229, 485915]
luxury : 2004012874, 189, 4, [596864, 376081]
economy : 7112765633, 118, 5, [641229, 376081]
business : 5059581084, 46, 1, [485915, 641229]
business : 6999946690, 45, 2, [543349, 641229]
business : 2110003804, 59, 0, [494695, 836887]
business : 8651759559, 57, 1, [641229, 596864]
economy : 4608129294, 133, 2, [543349, 836887]
economy : 5070475296, 165, 1, [691508, 836887]
economy : 5818358308, 172, 1, [558782, 691508]
economy : 3671729296, 119, 0, [543349, 596864]
economy : 5508964604, 121, 3, [558782, 836887]
economy : 3768776086, 192, 4, [558782, 836887]
economy : 8392781478, 62, 1, [494695, 994687]
economy : 1434487881, 105, 0, [485915, 994687]
business : 8796766453, 98, 10, [543349, 494695]
economy : 4810601294, 90, 2, [376081, 994687]
economy : 8961445732, 68, 2, [494695, 485915]
economy : 6401985338, 141, 9, [494695, 543349]
business : 3728426460, 162, 1, [376081, 994687]
luxury : 8304257261, 94, 3, [494695, 543349]
first : 5721267435, 129, 0, [596864, 543349]
economy : 7809838201, 162, 1, [558782, 485915]
economy : 2489265392, 132, 2, [994687, 691508]
luxury : 5570598889, 171, 1, [994687, 836887]
economy : 7488521863, 63, 1, [691508, 994687]
economy : 1308261134, 101, 2, [485915, 994687]
economy : 7995277841, 152, 0, [494695, 691508]
economy : 9153740840, 133, 4, [558782, 691508]
business : 4627155727, 117, 3, [558782, 836887]
business : 3581757807, 194, 0, [558782, 641229]
business : 2448515854, 128, 0, [543349, 691508]
economy : 3963591347, 112, 1, [596864, 641229]
economy : 7170976661, 71, 0, [543349, 376081]
economy : 3180459745, 152, 2, [596864, 376081]
business : 5417382926, 91, 10, [558782, 641229]
economy : 5234503595, 57, 0, [836887, 596864]
economy : 7711917953, 174, 1, [376081, 691508]
business : 6990674424, 75, 1, [558782, 543349]
economy : 8652436027, 98, 1, [836887, 494695]
economy : 2759074332, 149, 0, [558782, 836887]
economy : 7720831800, 64, 1, [596864, 485915]
economy : 3575131978, 144, 4, [836887, 596864]
economy : 4919797760, 147, 1, [836887, 376081]
economy : 2309908943, 146, 2, [596864, 691508]
economy : 8662862309, 123, 1, [641229, 558782]
business : 7782482713, 112, 10, [376081, 596864]
economy : 9731756370, 86, 0, [494695, 691508]
economy : 7089403129, 195, 1, [376081, 494695]
economy : 5356534929, 133, 1, [558782, 485915]
first : 3109382711, 197, 1, [691508, 485915]
economy : 5219676408, 190, 1, [494695, 596864]
economy : 3358313945, 97, 1, [558782, 994687]
economy : 6175840517, 112, 0, [596864, 994687]
economy : 2368567843, 181, 1, [641229, 596864]
first : 4475148816, 156, 1, [836887, 543349]
economy : 4897537251, 75, 7, [641229, 596864]
economy : 7193283225, 197, 1, [376081, 641229]
first : 3256643408, 67, 2, [485915, 836887]
economy : 5229747987, 42, 2, [691508, 376081]
economy : 1093771625, 154, 3, [376081, 641229]
economy : 4178884580, 45, 10, [641229, 494695]
economy : 3157713477, 115, 1, [376081, 994687]
economy : 6838748628, 105, 2, [494695, 836887]
economy : 3677268067, 139, 2, [994687, 485915]
luxury : 9280916386, 65, 2, [494695, 558782]
luxury : 2895638548, 57, 4, [641229, 494695]
first : 6320269043, 166, 3, [641229, 558782]
economy : 9467067828, 77, 2, [494695, 596864]
first : 6478926749, 49, 1, [836887, 376081]
economy : 6193295808, 58, 1, [691508, 494695]
business : 3811731854, 143, 1, [641229, 376081]
economy : 1794225293, 154, 2, [494695, 641229]
business : 9017457093, 74, 2, [543349, 376081]
economy : 2078900008, 101, 9, [485915, 494695]
economy : 7214534940, 143, 0, [558782, 691508]
business : 4847993071, 86, 6, [494695, 485915]
economy : 8145743428, 133, 3, [494695, 994687]
economy : 9259297323, 46, 6, [596864, 691508]
economy : 4951425771, 80, 4, [641229, 836887]
business : 9363640434, 74, 2, [641229, 596864]
economy : 9898164900, 58, 6, [994687, 376081]
economy : 9761526725, 136, 0, [836887, 596864]
business : 2976900394, 188, 2, [836887, 376081]
economy : 9390057234, 160, 0, [543349, 376081]
economy : 2618145308, 97, 5, [691508, 494695]
business : 3383078274, 200, 4, [691508, 994687]
economy : 3366990852, 54, 10, [376081, 485915]
economy : 4595176201, 55, 1, [485915, 494695]
economy : 5519815174, 43, 2, [558782, 641229]
economy : 7362987880, 147, 2, [485915, 836887]
first : 5100257161, 150, 0, [376081, 691508]
business : 3400614755, 131, 3, [691508, 836887]
economy : 4539836335, 191, 1, [691508, 641229]
economy : 6763725332, 66, 2, [376081, 485915]
economy : 8688867731, 47, 0, [994687, 376081]
business : 3880540972, 93, 4, [485915, 376081]
economy : 3647403170, 69, 0, [596864, 543349]
business : 9184147464, 56, 2, [494695, 596864]
economy : 7665451921, 65, 2, [558782, 641229]
economy : 3080675133, 159, 2, [994687, 596864]
business : 5661188577, 193, 1, [691508, 596864]
economy : 5682519616, 41, 1, [485915, 836887]
business : 6719843908, 60, 5, [558782, 485915]
economy : 2670617546, 155, 2, [691508, 994687]
business : 7294834524, 68, 1, [558782, 641229]
economy : 4736393773, 89, 2, [836887, 543349]
business : 8264168970, 200, 2, [836887, 558782]
economy : 2054797793, 147, 0, [596864, 641229]
economy : 4355140515, 152, 1, [836887, 543349]
economy : 8571436591, 173, 5, [494695, 543349]
economy : 5347313468, 184, 0, [543349, 558782]
economy : 8630570469, 47, 7, [596864, 641229]
economy : 7051058484, 60, 7, [543349, 641229]
business : 8835208674, 186, 2, [543349, 691508]
economy : 8029903696, 135, 9, [494695, 836887]
economy : 7156607275, 116, 0, [558782, 485915]
economy : 6026750576, 122, 3, [641229, 836887]
economy : 3061331838, 167, 2, [596864, 558782]
first : 5778150444, 75, 1, [691508, 836887]
economy : 6194549640, 71, 2, [494695, 485915]
economy : 5281600551, 42, 3, [543349, 485915]
economy : 5102386744, 176, 1, [558782, 485915]
economy : 7817473418, 69, 2, [485915, 836887]
business : 2662978053, 42, 2, [494695, 376081]
economy : 4620703421, 81, 10, [994687, 376081]
economy : 2004448851, 53, 0, [691508, 485915]
luxury : 4011987280, 105, 2, [691508, 641229]
economy : 8237469379, 146, 8, [691508, 836887]
economy : 2397186924, 62, 1, [836887, 596864]
economy : 4058546711, 148, 6, [485915, 494695]
economy : 3215450590, 171, 1, [558782, 836887]
business : 6289698245, 192, 4, [641229, 596864]
economy : 2800864335, 117, 1, [485915, 691508]
economy : 1915103608, 153, 3, [994687, 376081]
economy : 5966121225, 47, 2, [994687, 543349]
economy : 2927776511, 119, 4, [558782, 494695]
economy : 7844508457, 42, 2, [691508, 836887]
economy : 2665977468, 114, 0, [836887, 485915]
economy : 3660313123, 186, 1, [691508, 836887]
economy : 7990435932, 48, 0, [376081, 543349]
first : 4219357264, 195, 1, [691508, 485915]
first : 6471562271, 169, 5, [596864, 485915]
economy : 3032576354, 157, 3, [641229, 543349]
business : 4219680652, 185, 10, [558782, 543349]
economy : 3273434086, 183, 5, [641229, 836887]
economy : 6164423993, 159, 3, [558782, 836887]
economy : 2480889472, 73, 2, [494695, 994687]
business : 6321854204, 119, 6, [376081, 558782]
economy : 2400205175, 114, 0, [691508, 558782]
economy : 4851407607, 100, 8, [994687, 485915]
luxury : 2434065728, 66, 0, [485915, 543349]
economy : 5703443198, 44, 2, [994687, 494695]
economy : 3204010288, 164, 10, [543349, 494695]
economy : 1182489209, 147, 2, [994687, 558782]
economy : 2002642189, 96, 5, [558782, 641229]
economy : 7876846271, 90, 0, [376081, 641229]
economy : 3410329393, 165, 2, [558782, 691508]
economy : 7000488716, 119, 7, [836887, 641229]
economy : 6264502858, 127, 0, [641229, 558782]
economy : 3691186816, 88, 6, [994687, 641229]
first : 8029335912, 156, 1, [485915, 596864]
economy : 6851724978, 41, 1, [494695, 836887]
business : 4616443476, 58, 1, [596864, 641229]
business : 1824083283, 163, 1, [836887, 543349]
economy : 9679404922, 87, 3, [836887, 485915]
economy : 8790968189, 75, 2, [994687, 494695]
economy : 5758228739, 61, 1, [543349, 836887]
first : 7887292326, 67, 2, [543349, 836887]
business : 7601223538, 159, 1, [596864, 836887]
economy : 7125233860, 103, 2, [836887, 485915]
business : 3045103679, 172, 1, [836887, 376081]
business : 7894170010, 143, 4, [836887, 494695]
economy : 4226297657, 177, 1, [558782, 691508]
business : 6414118268, 171, 4, [494695, 596864]
first : 2423398294, 155, 2, [994687, 558782]
economy : 7260035081, 91, 10, [543349, 641229]
business : 1359869906, 56, 5, [641229, 558782]
business : 9445970862, 40, 0, [596864, 558782]
economy : 8608381769, 44, 1, [376081, 994687]
economy : 9496643814, 185, 0, [494695, 641229]
economy : 7803416404, 189, 2, [376081, 485915]
economy : 8087864707, 48, 4, [596864, 376081]
business : 3558441512, 104, 3, [596864, 994687]
economy : 6530358084, 44, 1, [994687, 641229]
economy : 3542125285, 91, 1, [691508, 376081]
economy : 8844772644, 130, 1, [994687, 558782]
business : 3008338028, 183, 6, [836887, 641229]
economy : 9735126654, 144, 10, [836887, 994687]
economy : 1088997782, 173, 0, [836887, 558782]
economy : 9746696885, 141, 2, [485915, 836887]
economy : 8829146591, 125, 8, [558782, 543349]
economy : 8751677284, 86, 6, [836887, 641229]
business : 7268263713, 97, 1, [641229, 558782]
economy : 8579960319, 115, 3, [691508, 485915]
first : 1144468699, 71, 2, [994687, 596864]
economy : 1864802509, 89, 0, [596864, 691508]
economy : 2935566482, 55, 0, [596864, 485915]
economy : 4615293869, 199, 1, [836887, 376081]
economy : 5640688655, 121, 0, [836887, 494695]
economy : 5539030000, 70, 3, [494695, 836887]
economy : 8379816044, 159, 2, [485915, 596864]
economy : 2409652066, 58, 7, [494695, 994687]
economy : 5024796299, 198, 2, [836887, 485915]
business : 7213517577, 200, 2, [543349, 494695]
business : 7287695926, 87, 1, [994687, 485915]
first : 6252176654, 122, 1, [641229, 596864]
economy : 1381705899, 196, 2, [994687, 543349]
economy : 6541223540, 186, 1, [558782, 994687]
economy : 3285455690, 117, 3, [596864, 836887]
economy : 5460020853, 49, 1, [494695, 836887]
economy : 2767436428, 93, 1, [485915, 558782]
business : 6746466850, 143, 0, [558782, 691508]
economy : 1842334057, 170, 0, [376081, 543349]
business : 3328410380, 125, 1, [641229, 994687]
economy : 6722921908, 40, 3, [494695, 485915]
business : 1408620228, 129, 1, [543349, 691508]
economy : 6089130720, 147, 3, [376081, 596864]
economy : 2815027406, 115, 2, [558782, 994687]
economy : 6965462628, 137, 4, [641229, 691508]
business : 6004582669, 154, 1, [558782, 485915]
economy : 3932249736, 97, 3, [558782, 641229]
economy : 9110357461, 155, 2, [558782, 543349]
business : 7774961504, 72, 2, [836887, 994687]
economy : 4543304196, 94, 1, [994687, 641229]
economy : 4236267737, 176, 2, [543349, 558782]
business : 4042094387, 94, 3, [641229, 543349]
economy : 8551507598, 162, 2, [558782, 494695]
economy : 5728454809, 63, 2, [641229, 376081]
economy : 5564706697, 193, 8, [836887, 376081]
economy : 6468287077, 111, 9, [641229, 494695]
business : 4261876152, 59, 0, [691508, 836887]
economy : 7455739949, 171, 2, [641229, 994687]
economy : 8441260325, 139, 0, [596864, 558782]
economy : 4523535979, 74, 2, [376081, 494695]
economy : 4931560499, 44, 5, [485915, 836887]
business : 8283584854, 85, 1, [596864, 994687]
economy : 9138511216, 54, 1, [994687, 485915]
economy : 6770414960, 90, 7, [558782, 494695]
business : 6927251991, 197, 1, [596864, 691508]
economy : 1334018318, 145, 4, [558782, 596864]
economy : 6938092768, 55, 4, [376081, 543349]
economy : 7755391840, 175, 1, [836887, 596864]
business : 4738735322, 156, 1, [485915, 691508]
business : 1366931953, 95, 1, [596864, 641229]
economy : 9088102877, 158, 5, [543349, 485915]
business : 3228975308, 146, 1, [494695, 376081]
economy : 7756400808, 89, 0, [994687, 494695]
business : 7228348038, 90, 2, [596864, 543349]
economy : 4408542118, 172, 3, [596864, 994687]
business : 9513528597, 167, 5, [994687, 691508]
business : 7473101822, 107, 2, [596864, 376081]
economy : 6228263004, 156, 2, [494695, 641229]
economy : 9865152810, 100, 1, [558782, 596864]
first : 3046372625, 182, 6, [558782, 596864]
economy : 9153388025, 110, 5, [494695, 376081]
luxury : 8658294846, 87, 1, [994687, 641229]
economy : 2130246010, 150, 2, [691508, 558782]
economy : 1955843813, 134, 3, [558782, 836887]
economy : 3761532952, 61, 1, [543349, 376081]
economy : 5982037677, 128, 7, [558782, 994687]
economy : 7679075795, 125, 4, [494695, 641229]
economy : 8770555950, 66, 1, [836887, 376081]
business : 7877496851, 84, 0, [836887, 691508]
economy : 2556602103, 155, 2, [376081, 596864]
economy : 9267658422, 46, 3, [494695, 376081]
economy : 1610628612, 153, 2, [376081, 836887]
economy : 7347866454, 74, 7, [494695, 836887]
business : 2669035301, 178, 1, [485915, 558782]
first : 8366149942, 121, 3, [691508, 376081]
economy : 4498763775, 104, 1, [836887, 641229]
economy : 3609518294, 96, 2, [836887, 641229]
economy : 5460078697, 59, 6, [641229, 558782]
business : 1688543196, 90, 5, [994687, 641229]
economy : 7462949877, 85, 2, [596864, 691508]
economy : 9862055238, 111, 0, [641229, 485915]
economy : 1347012865, 169, 0, [596864, 641229]
first : 1730508221, 187, 4, [558782, 836887]
economy : 5455624561, 70, 0, [596864, 836887]
business : 6306543649, 195, 0, [543349, 691508]
economy : 8585481522, 55, 0, [543349, 994687]
business : 1392438795, 189, 0, [558782, 596864]
business : 6902940611, 53, 6, [376081, 558782]
economy : 5979907310, 177, 0, [641229, 596864]
economy : 3118309817, 160, 1, [641229, 376081]
economy : 6612995025, 157, 2, [596864, 836887]
economy : 2205556415, 84, 4, [596864, 543349]
economy : 3661063880, 114, 4, [494695, 543349]
first : 3572144524, 194, 2, [485915, 494695]
economy : 2447270301, 120, 5, [836887, 641229]
economy : 8657222709, 90, 2, [485915, 691508]
business : 6787331756, 142, 2, [994687, 641229]
economy : 3260273156, 98, 2, [558782, 494695]
economy : 9621141052, 45, 2, [485915, 641229]
business : 3716808913, 149, 3, [494695, 558782]
economy : 8566522359, 100, 1, [994687, 641229]
economy : 1615678624, 107, 1, [641229, 376081]
economy : 1347985200, 55, 0, [994687, 691508]
economy : 3330528864, 79, 2, [485915, 543349]
economy : 8303922848, 44, 2, [836887, 494695]
economy : 3464580759, 53, 2, [376081, 836887]
economy : 1735235723, 105, 1, [994687, 641229]
economy : 1113218373, 132, 0, [494695, 836887]
economy : 4351936111, 82, 3, [691508, 558782]
first : 6640405524, 57, 0, [558782, 376081]
economy : 7911814703, 94, 2, [558782, 691508]
economy : 7273840288, 109, 1, [596864, 485915]
business : 4028499755, 137, 2, [641229, 485915]
business : 1960741146, 128, 2, [494695, 485915]
business : 1821194836, 104, 2, [494695, 641229]
economy : 2714594470, 63, 2, [485915, 994687]
economy : 9163523577, 139, 2, [994687, 485915]
business : 8625754152, 120, 1, [543349, 691508]
economy : 1476523187, 172, 1, [596864, 494695]
economy : 4897824825, 61, 0, [543349, 836887]
economy : 6880809040, 60, 4, [836887, 994687]
economy : 5365384296, 131, 0, [543349, 994687]
business : 9797358191, 188, 2, [376081, 691508]
business : 7431220873, 115, 2, [596864, 691508]
economy : 9349051168, 96, 2, [691508, 543349]
economy : 6233707382, 195, 1, [691508, 641229]
business : 7407928699, 184, 9, [494695, 691508]
economy : 1730741909, 77, 1, [494695, 485915]
business : 5645337748, 191, 5, [691508, 596864]
economy : 2635478030, 97, 10, [494695, 994687]
first : 8224006106, 145, 2, [485915, 558782]
business : 2126888584, 171, 3, [543349, 691508]
business : 9360945494, 187, 2, [596864, 691508]
luxury : 9977605112, 60, 1, [836887, 994687]
business : 6017155889, 159, 2, [543349, 376081]
economy : 1979421799, 63, 6, [494695, 485915]
business : 2543426335, 104, 6, [376081, 994687]
first : 7925239405, 99, 1, [691508, 994687]
first : 3545617314, 106, 1, [376081, 641229]
economy : 4572405752, 91, 0, [641229, 691508]
economy : 8394284404, 58, 1, [485915, 596864]
business : 3226022312, 59, 2, [494695, 596864]
economy : 9793999856, 45, 1, [558782, 376081]
first : 6620857906, 70, 1, [641229, 376081]
economy : 1919360950, 123, 0, [596864, 485915]
economy : 3127875722, 40, 2, [641229, 994687]
economy : 4014266184, 61, 1, [376081, 836887]
first : 6588643061, 165, 1, [691508, 596864]
business : 6805364435, 152, 0, [558782, 691508]
luxury : 5018633949, 174, 2, [596864, 376081]
economy : 2673931894, 149, 3, [596864, 994687]
economy : 4915085830, 149, 0, [994687, 596864]
economy : 6461982277, 177, 1, [543349, 558782]
economy : 7548916509, 188, 1, [994687, 485915]
economy : 4922915523, 150, 3, [485915, 641229]
economy : 9531132677, 193, 4, [836887, 596864]
economy : 3974477448, 191, 6, [494695, 558782]
economy : 5197161086, 59, 3, [596864, 376081]
economy : 2034100703, 89, 2, [494695, 641229]
business : 8798620956, 183, 1, [485915, 836887]
business : 4430439276, 156, 0, [543349, 558782]
economy : 2657429204, 122, 5, [994687, 596864]
economy : 5776640841, 136, 1, [836887, 558782]
economy : 9423057821, 169, 0, [836887, 691508]
economy : 9791662162, 162, 4, [596864, 836887]
economy : 4537220662, 70, 6, [376081, 691508]
economy : 9502761689, 83, 2, [596864, 691508]
business : 4924406325, 185, 1, [558782, 376081]
business : 9418126004, 148, 6, [994687, 494695]
economy : 8576274961, 101, 5, [494695, 994687]
economy : 9480505188, 99, 0, [558782, 494695]
economy : 1092003724, 99, 3, [994687, 376081]
economy : 1075467411, 107, 1, [691508, 376081]
business : 5977369682, 186, 0, [691508, 596864]
economy : 6365948830, 122, 0, [485915, 558782]
economy : 1593332136, 115, 4, [691508, 558782]
economy : 3056145751, 56, 0, [543349, 994687]
economy : 3075908759, 45, 5, [596864, 376081]
economy : 2136551820, 41, 0, [596864, 558782]
economy : 9832073371, 53, 7, [994687, 596864]
business : 2420995393, 166, 0, [558782, 596864]
economy : 2032183679, 104, 2, [691508, 485915]
economy : 7417178526, 76, 1, [994687, 376081]
business : 4282282901, 156, 1, [494695, 543349]
first : 4474531667, 193, 2, [543349, 376081]
economy : 6136215222, 171, 2, [543349, 494695]
business : 7579242725, 53, 3, [994687, 543349]
economy : 9748112252, 62, 2, [994687, 543349]
economy : 7366338870, 186, 2, [994687, 485915]
economy : 2788597529, 175, 2, [836887, 596864]
economy : 7949078069, 111, 3, [836887, 494695]
first : 4677364816, 105, 1, [691508, 558782]
economy : 7570173733, 74, 2, [641229, 691508]
business : 5244101041, 60, 0, [836887, 558782]
economy : 2426014035, 91, 1, [836887, 485915]
first : 7526293244, 88, 2, [596864, 485915]
economy : 3337277026, 83, 5, [691508, 494695]
economy : 4716251964, 111, 1, [596864, 494695]
economy : 4373019469, 170, 1, [494695, 558782]
economy : 2038138343, 118, 2, [836887, 376081]
economy : 9741303693, 43, 0, [836887, 543349]
economy : 5505452612, 56, 1, [376081, 543349]
economy : 9595503146, 45, 2, [485915, 558782]
economy : 7972207412, 175, 3, [494695, 543349]
economy : 7149401902, 116, 2, [494695, 691508]
economy : 3986394490, 168, 4, [641229, 558782]
economy : 2108863676, 67, 5, [543349, 994687]
economy : 3027782698, 190, 1, [485915, 558782]
economy : 3641467955, 108, 3, [485915, 596864]
business : 7807747478, 193, 3, [596864, 376081]
economy : 7532067229, 108, 9, [494695, 485915]
economy : 1339866767, 167, 2, [836887, 485915]
economy : 6915232837, 92, 3, [485915, 596864]
business : 3195837973, 175, 8, [558782, 641229]
business : 2485978967, 156, 10, [494695, 543349]
business : 7998999580, 159, 1, [691508, 494695]
economy : 1347773333, 112, 1, [836887, 494695]
economy : 7818345387, 193, 1, [543349, 994687]
business : 5410027836, 43, 5, [994687, 543349]
economy : 3389343183, 120, 4, [558782, 485915]
economy : 8179122075, 192, 2, [376081, 994687]
economy : 8122279462, 81, 3, [558782, 994687]
economy : 6379715089, 162, 2, [641229, 558782]
economy : 5668511849, 128, 2, [485915, 691508]
business : 3135687394, 145, 2, [596864, 691508]
first : 1742827708, 131, 4, [558782, 485915]
economy : 7247387383, 120, 1, [485915, 994687]
economy : 3916070562, 189, 3, [641229, 543349]
economy : 9806117146, 186, 2, [691508, 543349]
economy : 9326343128, 145, 10, [994687, 376081]
economy : 4930480549, 50, 0, [376081, 641229]
business : 6684687065, 103, 8, [836887, 691508]
business : 2672441431, 108, 4, [691508, 994687]
economy : 6356315963, 110, 2, [641229, 596864]
economy : 7602579952, 106, 0, [485915, 494695]
economy : 2299891541, 85, 0, [641229, 494695]
economy : 9242872686, 81, 2, [494695, 376081]
economy : 5061017341, 123, 2, [485915, 994687]
economy : 3480702807, 122, 5, [691508, 558782]
economy : 9923094545, 45, 2, [994687, 485915]
economy : 4828637288, 96, 1, [836887, 376081]
business : 2164196243, 71, 3, [994687, 543349]
economy : 2831475325, 73, 5, [558782, 691508]
first : 8759813325, 189, 0, [376081, 494695]
business : 5978734131, 195, 3, [641229, 543349]
first : 8418631166, 86, 1, [558782, 494695]
economy : 7836353665, 128, 2, [558782, 543349]
economy : 7061329443, 103, 1, [691508, 376081]
business : 4799411721, 149, 1, [994687, 558782]
economy : 8784281858, 87, 1, [485915, 596864]
economy : 6840252331, 136, 2, [596864, 543349]
economy : 9339571216, 85, 1, [543349, 376081]
economy : 6133798615, 141, 1, [543349, 691508]
luxury : 3586185180, 107, 6, [485915, 836887]
economy : 8010027479, 121, 2, [994687, 558782]
first : 3456009028, 135, 7, [641229, 376081]
economy : 6107929208, 172, 2, [641229, 376081]
business : 1959985284, 154, 2, [485915, 543349]
economy : 7943322253, 45, 2, [494695, 558782]
economy : 6241130557, 187, 1, [994687, 485915]
economy : 6642239736, 192, 5, [543349, 994687]
business : 8604974983, 142, 3, [543349, 994687]
business : 8361289712, 172, 0, [376081, 836887]
luxury : 5127027778, 180, 1, [836887, 485915]
business : 7439416548, 186, 3, [494695, 558782]
economy : 9190022320, 82, 1, [494695, 836887]
economy : 6631100748, 46, 1, [494695, 994687]
business : 6777900972, 113, 2, [836887, 691508]
business : 5666875187, 184, 3, [836887, 994687]
economy : 6542020913, 83, 1, [485915, 494695]
economy : 6052965211, 138, 2, [641229, 691508]
economy : 3542151572, 72, 5, [691508, 836887]
business : 9062825363, 110, 2, [543349, 691508]
economy : 6601049720, 46, 2, [691508, 641229]
economy : 8593454182, 77, 0, [494695, 485915]
economy : 8235518927, 86, 1, [836887, 641229]
business : 2049106025, 108, 9, [994687, 836887]
luxury : 5038081510, 179, 8, [376081, 494695]
first : 6452259677, 42, 4, [376081, 494695]
economy : 7404609098, 154, 0, [641229, 376081]
economy : 6242869393, 153, 4, [691508, 494695]
economy : 2876124948, 141, 1, [641229, 994687]
business : 4807732625, 158, 1, [376081, 641229]
economy : 6180650582, 84, 3, [494695, 596864]
economy : 5782134668, 159, 1, [691508, 641229]
economy : 3611071902, 132, 6, [641229, 836887]
economy : 9171652663, 177, 2, [641229, 596864]
economy : 8616064048, 184, 0, [641229, 543349]
business : 6763953498, 184, 1, [543349, 485915]
luxury : 2406079232, 131, 2, [641229, 494695]
economy : 2512588905, 101, 5, [543349, 485915]
economy : 5918098882, 74, 1, [376081, 836887]
economy : 9895659278, 97, 3, [596864, 994687]
economy : 8637196993, 56, 1, [543349, 691508]
business : 3753092984, 200, 2, [994687, 641229]
economy : 3634414206, 155, 1, [494695, 641229]
economy : 9536073780, 58, 2, [485915, 558782]
economy : 3421397157, 51, 0, [485915, 994687]
economy : 6803080369, 172, 0, [641229, 691508]
business : 6560043327, 62, 9, [994687, 836887]
economy : 1106271480, 143, 5, [485915, 543349]
economy : 9832630029, 100, 2, [543349, 596864]
first : 7473930706, 113, 1, [994687, 558782]
first : 6087958784, 110, 8, [596864, 543349]
economy : 3373399543, 116, 1, [641229, 494695]
economy : 1218207199, 101, 1, [485915, 596864]
economy : 3470306030, 195, 8, [494695, 558782]
first : 3566215104, 186, 0, [596864, 494695]
business : 1074080042, 147, 7, [691508, 596864]
economy : 8821848699, 153, 3, [836887, 994687]
economy : 9424252718, 79, 2, [994687, 836887]
economy : 1834644871, 127, 2, [691508, 485915]
economy : 6656634527, 153, 1, [641229, 494695]
economy : 9398410939, 53, 6, [485915, 543349]
economy : 5270411363, 160, 1, [836887, 376081]
luxury : 2714200523, 141, 5, [641229, 994687]
economy : 3755349172, 119, 3, [836887, 485915]
economy : 8569726759, 164, 2, [994687, 485915]
economy : 5689426254, 76, 2, [543349, 994687]
business : 1306128748, 182, 7, [543349, 494695]
economy : 9604276214, 76, 1, [558782, 836887]
economy : 3166982927, 107, 2, [994687, 494695]
business : 7411472126, 126, 3, [558782, 543349]
economy : 2863585865, 72, 0, [641229, 376081]
economy : 1139947777, 52, 1, [836887, 558782]
economy : 8501418837, 122, 1, [494695, 691508]
first : 8312973518, 121, 3, [691508, 994687]
economy : 8137515780, 55, 2, [691508, 543349]
economy : 9994623722, 64, 4, [994687, 494695]
economy : 9611394762, 84, 0, [376081, 691508]
economy : 4655396820, 149, 2, [543349, 836887]
economy : 5682501991, 167, 0, [494695, 691508]
economy : 5478350123, 91, 2, [494695, 641229]
economy : 6561406489, 198, 1, [543349, 376081]
business : 1182351285, 83, 0, [596864, 376081]
business : 7641695843, 168, 0, [494695, 376081]
economy : 6060840829, 60, 0, [836887, 543349]
economy : 7777044779, 54, 7, [485915, 376081]
business : 1846116707, 135, 1, [994687, 836887]
economy : 7454585610, 97, 2, [376081, 543349]
economy : 4668550989, 91, 1, [494695, 994687]
economy : 8617707226, 189, 1, [494695, 376081]
economy : 2642365821, 200, 3, [543349, 641229]
economy : 6118320679, 194, 8, [641229, 558782]
economy : 7369682063, 75, 9, [494695, 836887]
economy : 2745914424, 80, 1, [485915, 836887]
economy : 3454491065, 75, 1, [543349, 558782]
business : 7706848486, 107, 0, [994687, 691508]
economy : 8082232940, 121, 3, [543349, 641229]
economy : 5068187278, 199, 8, [641229, 485915]
economy : 3886484741, 109, 0, [543349, 994687]
business : 7746205845, 119, 2, [641229, 543349]
economy : 7849739610, 191, 0, [485915, 994687]
first : 4112032310, 141, 1, [994687, 494695]
economy : 7134866910, 47, 2, [691508, 485915]
economy : 5453230825, 98, 1, [691508, 376081]
economy : 1540301671, 193, 0, [558782, 596864]
business : 2719333384, 146, 1, [691508, 558782]
economy : 7243052680, 140, 3, [485915, 376081]
economy : 7591864747, 150, 1, [543349, 494695]
economy : 6383301864, 139, 2, [543349, 994687]
economy : 8386105825, 86, 2, [596864, 558782]
economy : 9563342125, 51, 3, [376081, 836887]
business : 6989311443, 78, 2, [376081, 558782]
economy : 5329468275, 41, 3, [836887, 691508]
business : 7789540149, 148, 3, [494695, 485915]
economy : 7609048945, 56, 2, [558782, 691508]
economy : 6483201019, 43, 5, [596864, 641229]
economy : 7595986742, 138, 1, [836887, 641229]
first : 8615231758, 200, 0, [994687, 836887]
business : 4079126320, 62, 1, [691508, 836887]
first : 4710076993, 95, 1, [596864, 543349]
economy : 3691951065, 90, 1, [485915, 596864]
luxury : 8863780476, 43, 1, [485915, 376081]
first : 8364710261, 191, 3, [485915, 596864]
economy : 9655234370, 131, 1, [641229, 836887]
economy : 3967175120, 64, 3, [376081, 691508]
economy : 9421102165, 140, 2, [994687, 485915]
economy : 9862346742, 115, 1, [691508, 641229]
economy : 5223287666, 112, 3, [641229, 485915]
economy : 1446954921, 70, 2, [494695, 543349]
first : 5611180502, 93, 10, [376081, 558782]
business : 1684590811, 55, 1, [836887, 558782]
economy : 7262033901, 114, 3, [691508, 543349]
economy : 7566546157, 176, 0, [543349, 836887]
business : 2405456359, 170, 0, [994687, 691508]
economy : 3287243792, 185, 2, [641229, 558782]
economy : 5870860923, 66, 1, [836887, 485915]
economy : 5901738100, 183, 1, [494695, 836887]
business : 5617892793, 116, 2, [376081, 641229]
economy : 6168770881, 159, 1, [494695, 596864]
economy : 5483072132, 140, 5, [691508, 543349]
economy : 4495805916, 63, 2, [596864, 836887]
economy : 8925910509, 44, 1, [994687, 691508]
economy : 1881092662, 139, 1, [543349, 691508]
economy : 1473470836, 48, 1, [994687, 641229]
economy : 5849347429, 162, 1, [558782, 836887]
economy : 8616619584, 74, 0, [994687, 494695]
economy : 9305203413, 65, 0, [485915, 494695]
first : 9029653519, 102, 8, [485915, 543349]
business : 2843041928, 55, 1, [994687, 596864]
economy : 6569160630, 123, 3, [994687, 836887]
economy : 8972386271, 146, 0, [485915, 641229]
economy : 3082102347, 102, 2, [485915, 641229]
economy : 8334828237, 45, 2, [376081, 836887]
business : 2876086120, 74, 1, [836887, 691508]
economy : 4018684649, 186, 2, [543349, 836887]
economy : 2013638453, 120, 2, [485915, 494695]
first : 1164468522, 94, 0, [994687, 558782]
economy : 5065577378, 168, 1, [596864, 558782]
economy : 5436678214, 114, 6, [691508, 494695]
luxury : 6497500229, 131, 0, [641229, 994687]
business : 1115366258, 65, 3, [691508, 994687]
economy : 3136478087, 173, 1, [543349, 994687]
economy : 2072331793, 114, 1, [994687, 596864]
economy : 5843244318, 117, 7, [558782, 494695]
luxury : 8971007658, 88, 10, [691508, 376081]
economy : 2192106756, 125, 5, [596864, 494695]
economy : 7298914933, 138, 2, [994687, 543349]
economy : 3204380053, 195, 4, [376081, 641229]
economy : 8121879332, 160, 2, [376081, 836887]
economy : 1252546752, 133, 10, [376081, 836887]
luxury : 5781503902, 191, 3, [641229, 376081]
economy : 9464874438, 179, 5, [485915, 836887]
economy : 2549378228, 177, 0, [994687, 485915]
economy : 3034965229, 187, 2, [836887, 641229]
business : 7827958704, 84, 2, [485915, 376081]
economy : 7927654895, 171, 1, [558782, 376081]
economy : 5927231912, 105, 2, [543349, 691508]
first : 7706247214, 129, 2, [836887, 485915]
business : 4831387970, 97, 4, [691508, 543349]
first : 7556185128, 189, 0, [596864, 376081]
business : 4819899200, 67, 0, [836887, 485915]
economy : 5493837667, 43, 5, [994687, 494695]
economy : 4959283764, 122, 1, [543349, 376081]
economy : 7103893505, 58, 1, [558782, 994687]
economy : 1776586571, 108, 2, [836887, 376081]
economy : 5992463144, 189, 1, [376081, 994687]
business : 6416678243, 71, 4, [376081, 836887]
economy : 9772047222, 84, 1, [596864, 543349]
business : 9634117279, 188, 1, [691508, 543349]
economy : 4472349243, 178, 1, [485915, 641229]
economy : 7492914483, 55, 2, [485915, 376081]
business : 6646545834, 157, 2, [836887, 543349]
economy : 2503543931, 81, 2, [543349, 376081]
economy : 8902819978, 73, 1, [376081, 994687]
economy : 3127962460, 48, 2, [376081, 558782]
economy : 2253747984, 117, 3, [558782, 485915]
business : 4812799345, 122, 2, [485915, 994687]
first : 7572951979, 122, 6, [376081, 836887]
economy : 8397068825, 55, 2, [376081, 691508]
first : 2197997723, 155, 2, [494695, 596864]
economy : 4369395176, 122, 0, [543349, 994687]
economy : 6848055370, 184, 2, [994687, 836887]
business : 2381052424, 159, 2, [691508, 376081]
economy : 5578291101, 171, 0, [836887, 485915]
economy : 2273500178, 43, 1, [691508, 596864]
economy : 8131762747, 64, 2, [494695, 691508]
business : 6827192188, 59, 3, [596864, 691508]
first : 1384354698, 181, 3, [543349, 994687]
economy : 6737271224, 134, 6, [641229, 596864]
economy : 9449809715, 69, 2, [836887, 994687]
economy : 7961359302, 133, 1, [558782, 836887]
business : 1461057234, 196, 1, [494695, 691508]
economy : 1041377404, 146, 1, [691508, 558782]
economy : 7635061732, 130, 3, [494695, 994687]
luxury : 9966429224, 138, 2, [494695, 994687]
economy : 7454812967, 49, 3, [641229, 494695]
first : 3135376402, 174, 4, [641229, 994687]
economy : 5312986353, 160, 1, [836887, 596864]
business : 6743693500, 60, 0, [994687, 376081]
economy : 1932375376, 104, 4, [558782, 994687]
economy : 7312169010, 135, 1, [543349, 596864]
economy : 3536699167, 170, 1, [641229, 691508]
business : 6876512450, 189, 0, [641229, 994687]
economy : 1221895175, 190, 1, [836887, 596864]
economy : 6791237194, 187, 7, [376081, 994687]
economy : 3023531813, 86, 1, [376081, 641229]
business : 9506651421, 152, 2, [836887, 485915]
economy : 8553351271, 64, 5, [543349, 691508]
economy : 4417170964, 144, 1, [691508, 558782]
economy : 3303573721, 153, 1, [376081, 836887]
business : 7838949840, 56, 2, [543349, 596864]
business : 3038382756, 131, 2, [376081, 691508]
economy : 2766202622, 141, 2, [543349, 494695]
business : 9425359757, 100, 1, [376081, 994687]
economy : 5441095718, 163, 1, [494695, 836887]
economy : 9894417828, 70, 1, [558782, 485915]
economy : 6263222607, 134, 2, [558782, 691508]
economy : 8419296275, 121, 2, [494695, 994687]
economy : 8498043510, 189, 1, [691508, 836887]
first : 6197621237, 47, 0, [558782, 836887]
economy : 8300847061, 113, 2, [836887, 376081]
economy : 4652560510, 181, 3, [543349, 558782]
economy : 2998760115, 112, 1, [836887, 376081]
economy : 7580006139, 180, 6, [485915, 994687]
economy : 8766148671, 57, 3, [641229, 494695]
business : 6333064818, 70, 2, [836887, 558782]
business : 5358379474, 166, 1, [543349, 691508]
luxury : 6089080111, 107, 1, [596864, 836887]
economy : 9474901731, 77, 2, [485915, 836887]
economy : 1317283916, 52, 3, [691508, 543349]
economy : 9913382778, 155, 7, [376081, 994687]
economy : 2268460400, 60, 1, [836887, 543349]
first : 4992955859, 103, 0, [543349, 376081]
business : 8098117866, 81, 10, [641229, 376081]
economy : 1306252986, 185, 1, [558782, 376081]
economy : 2758308076, 50, 1, [485915, 691508]
economy : 4256295304, 136, 4, [485915, 641229]
business : 8916110101, 61, 3, [596864, 494695]
economy : 5754529013, 78, 1, [836887, 596864]
economy : 1908888940, 62, 0, [494695, 836887]
economy : 2590922400, 50, 0, [376081, 596864]
economy : 2569916213, 42, 2, [494695, 691508]
luxury : 2086660994, 143, 8, [641229, 691508]
economy : 5116683880, 146, 4, [543349, 485915]
economy : 6519985213, 48, 5, [994687, 376081]
economy : 8573069518, 98, 10, [543349, 596864]
first : 9763271127, 149, 0, [994687, 376081]
economy : 7637929611, 197, 5, [691508, 994687]
business : 2550350223, 167, 1, [691508, 558782]
economy : 4795710648, 73, 10, [494695, 543349]
economy : 7244217264, 55, 2, [641229, 691508]
economy : 3917913110, 182, 0, [836887, 558782]
economy : 1445527586, 192, 2, [558782, 836887]
economy : 2636772783, 128, 3, [596864, 691508]
business : 6481042978, 78, 1, [596864, 836887]
economy : 1550237677, 109, 2, [376081, 543349]
economy : 7964003869, 131, 0, [376081, 558782]
economy : 8571179926, 42, 2, [691508, 558782]
economy : 6627816290, 141, 0, [494695, 641229]
economy : 2373068033, 169, 1, [558782, 596864]
economy : 2357271012, 64, 1, [558782, 376081]
economy : 6465193457, 192, 1, [376081, 494695]
economy : 7998191909, 74, 1, [641229, 558782]
luxury : 1447617448, 152, 1, [641229, 596864]
business : 1444012841, 179, 4, [376081, 641229]
business : 1876320509, 196, 10, [641229, 596864]
economy : 8435839209, 101, 1, [376081, 994687]
economy : 9538795625, 48, 9, [836887, 994687]
economy : 5032023630, 57, 1, [836887, 485915]
business : 4820168690, 151, 1, [376081, 641229]
economy : 1413172960, 126, 6, [836887, 596864]
economy : 8115471698, 105, 1, [596864, 641229]
economy : 1034174406, 40, 2, [994687, 494695]
economy : 3568943932, 70, 2, [494695, 485915]
economy : 1047799609, 181, 2, [494695, 994687]
economy : 8738027762, 147, 1, [485915, 641229]
economy : 2449915657, 177, 1, [691508, 494695]
business : 8930882458, 79, 3, [558782, 994687]
economy : 3698056833, 158, 0, [691508, 596864]
economy : 8505176291, 86, 10, [485915, 994687]
economy : 8951592246, 191, 1, [691508, 994687]
economy : 7762773134, 75, 1, [376081, 994687]
economy : 9302348839, 129, 2, [641229, 596864]
economy : 7700301608, 77, 5, [376081, 836887]
business : 3213073561, 175, 1, [543349, 836887]
luxury : 6660667117, 135, 1, [485915, 558782]
economy : 8534754019, 168, 8, [994687, 641229]
economy : 7530702322, 150, 1, [641229, 485915]
economy : 4974808860, 110, 5, [494695, 376081]
business : 8851455305, 185, 1, [691508, 641229]
economy : 8028490349, 190, 2, [376081, 485915]
economy : 1296819969, 171, 1, [836887, 494695]
first : 8608200485, 161, 3, [558782, 641229]
economy : 3289912434, 64, 1, [558782, 485915]
economy : 9177867056, 149, 0, [994687, 376081]
economy : 8144219235, 121, 1, [836887, 543349]
first : 5176076123, 67, 1, [596864, 558782]
economy : 7289395685, 174, 0, [494695, 994687]
economy : 4519276730, 198, 2, [691508, 543349]
economy : 7079215866, 68, 5, [558782, 494695]
first : 8865378043, 95, 1, [994687, 836887]
economy : 6178036751, 114, 1, [543349, 836887]
business : 7002161413, 192, 0, [836887, 494695]
economy : 4699860883, 60, 3, [494695, 558782]
business : 6780174010, 193, 2, [485915, 994687]
economy : 4490393521, 182, 1, [836887, 994687]
economy : 6974396245, 140, 2, [994687, 494695]
economy : 4523469381, 101, 2, [558782, 485915]
economy : 8883490916, 59, 1, [994687, 691508]
economy : 7770979113, 194, 2, [641229, 485915]
luxury : 4782057625, 117, 2, [558782, 494695]
economy : 4881963555, 101, 0, [494695, 485915]
economy : 3490143159, 57, 1, [558782, 543349]
economy : 7575361033, 63, 1, [596864, 485915]
economy : 9492198893, 178, 1, [691508, 596864]
luxury : 6883350110, 150, 1, [543349, 494695]
luxury : 3194322723, 56, 1, [543349, 596864]
economy : 9362450532, 68, 1, [376081, 641229]
economy : 4123123766, 49, 2, [994687, 494695]
business : 1820524565, 84, 1, [494695, 641229]
economy : 7986226610, 94, 3, [543349, 836887]
business : 7572424797, 107, 1, [836887, 485915]
economy : 2175513211, 155, 5, [836887, 596864]
first : 2921580756, 106, 4, [994687, 691508]
economy : 6356543024, 186, 0, [558782, 836887]
economy : 1200649413, 51, 1, [596864, 994687]
business : 6980941253, 166, 2, [691508, 543349]
economy : 4879703680, 162, 2, [691508, 376081]
economy : 8255376461, 158, 7, [641229, 376081]
economy : 8691016613, 51, 5, [596864, 836887]
economy : 3827700669, 74, 3, [543349, 376081]
business : 3888673560, 130, 0, [596864, 994687]
economy : 7484058362, 168, 2, [494695, 543349]
economy : 2015468281, 62, 2, [994687, 596864]
economy : 7084934434, 107, 7, [558782, 376081]
economy : 4420187809, 114, 1, [376081, 485915]
economy : 9155242025, 151, 0, [691508, 485915]
business : 7343942983, 170, 2, [836887, 596864]
business : 4988674186, 42, 0, [836887, 691508]
first : 8038794439, 127, 1, [641229, 994687]
economy : 1559427660, 55, 1, [376081, 691508]
business : 5008560923, 60, 1, [494695, 485915]
economy : 7820377179, 198, 6, [641229, 494695]
economy : 7790347128, 165, 1, [485915, 641229]
economy : 4307551130, 105, 1, [691508, 376081]
economy : 8498988620, 135, 0, [596864, 836887]
economy : 1998638255, 158, 1, [543349, 836887]
economy : 8644134852, 60, 1, [494695, 596864]
economy : 7935516181, 127, 1, [836887, 596864]
economy : 1305103211, 132, 1, [485915, 543349]
economy : 6636826585, 189, 3, [836887, 558782]
economy : 1305478439, 115, 2, [558782, 641229]
economy : 6106702209, 198, 7, [994687, 596864]
economy : 8169486774, 62, 2, [641229, 494695]
economy : 8521553132, 64, 2, [836887, 558782]
business : 7233834004, 193, 2, [376081, 494695]
first : 8826741104, 105, 3, [994687, 558782]
business : 3607734520, 97, 7, [691508, 596864]
business : 6795124315, 62, 3, [596864, 691508]
economy : 5147265895, 124, 6, [558782, 376081]
first : 8121541378, 140, 1, [691508, 558782]
first : 1943633751, 132, 2, [494695, 641229]
economy : 8075810826, 173, 1, [543349, 485915]
business : 1783421663, 188, 0, [994687, 558782]
business : 2297366116, 150, 3, [543349, 994687]
economy : 9201731643, 149, 2, [558782, 376081]
economy : 5966995180, 169, 1, [485915, 596864]
economy : 5091525985, 54, 1, [376081, 596864]
first : 2466367205, 146, 6, [641229, 485915]
economy : 4385190686, 190, 7, [558782, 836887]
economy : 8099975081, 179, 6, [641229, 994687]
first : 6035233528, 64, 0, [485915, 543349]
economy : 5312669340, 170, 2, [543349, 485915]
luxury : 9441882397, 120, 9, [691508, 836887]
business : 5817491253, 167, 1, [691508, 558782]
economy : 3236486305, 163, 1, [994687, 485915]
economy : 9598349863, 166, 1, [376081, 494695]
business : 4826623561, 168, 1, [494695, 596864]
economy : 8530417767, 132, 1, [641229, 485915]
economy : 2648388012, 58, 2, [994687, 691508]
economy : 1555099438, 148, 1, [836887, 494695]
economy : 1959165346, 176, 2, [558782, 641229]
economy : 7640786091, 77, 1, [994687, 376081]
economy : 1112888155, 65, 0, [494695, 485915]
luxury : 7284653222, 178, 4, [558782, 836887]
economy : 8980586003, 85, 1, [376081, 691508]
economy : 3820747989, 170, 2, [641229, 543349]
economy : 1507164486, 51, 2, [494695, 641229]
economy : 9519149659, 60, 1, [641229, 376081]
economy : 6491914336, 169, 3, [558782, 485915]
economy : 2523255322, 89, 4, [994687, 836887]
economy : 1759342208, 46, 1, [376081, 994687]
economy : 5308209069, 142, 1, [691508, 836887]
first : 3146493795, 172, 0, [543349, 596864]
business : 8323731236, 58, 0, [994687, 641229]
business : 3080620987, 150, 5, [485915, 596864]
economy : 5869994159, 167, 0, [836887, 596864]
economy : 6148257238, 195, 3, [691508, 596864]
economy : 1350769365, 134, 2, [641229, 376081]
economy : 6852951251, 75, 1, [691508, 376081]
economy : 3627391948, 111, 2, [485915, 543349]
economy : 6400382763, 179, 6, [994687, 596864]
economy : 3269491740, 83, 2, [494695, 485915]
economy : 9415818561, 119, 1, [596864, 558782]
economy : 3958733015, 136, 6, [494695, 376081]
business : 7299021896, 97, 8, [543349, 691508]
economy : 5276557574, 173, 5, [543349, 494695]
economy : 2366999936, 189, 1, [994687, 543349]
business : 2969716806, 165, 2, [494695, 485915]
economy : 3323190084, 51, 2, [691508, 494695]
economy : 4948324434, 198, 4, [376081, 691508]
economy : 8604525101, 161, 0, [376081, 543349]
business : 5671564552, 49, 2, [485915, 641229]
economy : 9636557344, 83, 4, [691508, 558782]
economy : 1811361056, 193, 10, [641229, 994687]
luxury : 7496389104, 98, 5, [543349, 596864]
economy : 5382124468, 185, 4, [836887, 494695]
economy : 4565059004, 88, 4, [376081, 485915]
economy : 7662649092, 76, 1, [691508, 376081]
economy : 7299504160, 143, 10, [994687, 543349]
economy : 6292732607, 64, 2, [558782, 691508]
economy : 3513443374, 142, 1, [376081, 596864]
economy : 2925546244, 141, 1, [485915, 691508]
economy : 1778144939, 136, 4, [596864, 994687]
economy : 2691041058, 95, 2, [494695, 376081]
economy : 7325535115, 103, 4, [558782, 376081]
first : 3771424652, 106, 1, [994687, 376081]
economy : 9826184507, 86, 1, [543349, 376081]
first : 9644867367, 95, 1, [641229, 596864]
economy : 6667395017, 144, 3, [641229, 494695]
economy : 5260528767, 128, 1, [376081, 641229]
economy : 3869601579, 108, 1, [836887, 485915]
economy : 8043100738, 76, 0, [543349, 691508]
economy : 6935752500, 117, 0, [494695, 641229]
economy : 5207988349, 51, 2, [494695, 596864]
economy : 6557694362, 98, 6, [994687, 376081]
business : 1578099323, 193, 3, [994687, 558782]
economy : 4080945122, 114, 3, [376081, 485915]
economy : 8836414530, 139, 3, [558782, 494695]
economy : 2529376742, 46, 3, [558782, 994687]
economy : 4228722441, 51, 1, [641229, 691508]
economy : 6867150580, 84, 1, [494695, 558782]
economy : 4158530732, 104, 1, [836887, 596864]
luxury : 9205697564, 199, 1, [494695, 691508]
economy : 3795832491, 121, 0, [485915, 994687]
economy : 1364264201, 40, 2, [596864, 558782]
economy : 3599737588, 56, 2, [494695, 641229]
economy : 2489603925, 117, 2, [994687, 596864]
economy : 8435304794, 134, 2, [596864, 558782]
economy : 8301510665, 83, 0, [691508, 994687]
economy : 6496343679, 144, 0, [836887, 485915]
business : 5076564551, 40, 6, [836887, 691508]
first : 1031351526, 102, 4, [558782, 494695]
economy : 8870200995, 172, 5, [691508, 994687]
business : 2671311738, 75, 0, [485915, 994687]
first : 7813604351, 125, 2, [376081, 994687]
economy : 1886841859, 108, 2, [543349, 641229]
economy : 4756360366, 48, 1, [691508, 641229]
business : 4955344565, 86, 2, [376081, 558782]
economy : 2776357279, 166, 4, [691508, 376081]
economy : 3301343776, 191, 5, [596864, 836887]
economy : 7272119717, 152, 1, [494695, 691508]
business : 3606604487, 45, 2, [994687, 485915]
economy : 1563912532, 45, 1, [558782, 376081]
first : 1360763504, 92, 1, [691508, 994687]
business : 7207840846, 72, 0, [558782, 376081]
economy : 3082197043, 186, 2, [485915, 691508]
business : 8770853183, 109, 5, [485915, 596864]
economy : 6636427928, 198, 1, [691508, 558782]
economy : 5414854266, 147, 1, [558782, 596864]
economy : 8753086109, 149, 2, [596864, 836887]
economy : 5328888468, 158, 1, [558782, 494695]
economy : 9740062610, 97, 0, [596864, 376081]
economy : 8429145413, 72, 2, [596864, 641229]
economy : 2676738613, 160, 2, [596864, 641229]
first : 5898271853, 90, 1, [558782, 494695]
economy : 9478688721, 128, 0, [376081, 641229]
economy : 7520904537, 56, 2, [494695, 641229]
business : 5870745289, 63, 1, [485915, 691508]
economy : 4305021852, 66, 0, [836887, 994687]
economy : 9759146455, 108, 0, [543349, 494695]
economy : 4190438103, 93, 3, [494695, 376081]
economy : 2959484809, 176, 2, [596864, 376081]
luxury : 6067416638, 133, 1, [641229, 543349]
business : 3750637682, 94, 3, [543349, 596864]
economy : 8539822441, 99, 0, [485915, 543349]
economy : 9665361087, 170, 3, [485915, 836887]
economy : 4908796783, 195, 1, [641229, 691508]
economy : 9567531756, 164, 6, [376081, 994687]
economy : 8300241290, 148, 0, [558782, 485915]
business : 1917946931, 182, 7, [543349, 641229]
economy : 4105692222, 179, 2, [376081, 494695]
economy : 5788750118, 193, 1, [836887, 543349]
economy : 6696883099, 150, 5, [836887, 691508]
economy : 6219554470, 103, 2, [994687, 836887]
economy : 6778647671, 86, 0, [836887, 543349]
business : 3516121075, 67, 1, [994687, 691508]
business : 7764550727, 140, 1, [485915, 376081]
economy : 6978711672, 151, 2, [543349, 641229]
economy : 5501791372, 144, 1, [836887, 558782]
economy : 4886651304, 190, 2, [494695, 558782]
economy : 4522302197, 72, 3, [494695, 596864]
economy : 2568832401, 59, 7, [494695, 558782]
economy : 3847093331, 57, 1, [558782, 494695]
first : 4545089161, 95, 3, [994687, 494695]
economy : 5862308710, 64, 10, [376081, 836887]
economy : 6154696133, 154, 1, [836887, 485915]
business : 5567325122, 112, 2, [836887, 596864]
business : 9541766440, 107, 1, [596864, 641229]
economy : 4791150171, 140, 1, [494695, 558782]
economy : 2489385600, 100, 6, [485915, 596864]
economy : 1360793460, 49, 0, [376081, 558782]
economy : 5068940556, 144, 2, [485915, 596864]
economy : 3937269749, 59, 2, [691508, 543349]
first : 1168362091, 125, 3, [376081, 543349]
economy : 4419049838, 108, 1, [494695, 543349]
economy : 3885055182, 191, 2, [494695, 641229]
business : 4821841971, 184, 1, [558782, 641229]
luxury : 9497279041, 77, 0, [558782, 641229]
economy : 7134777964, 110, 5, [641229, 485915]
economy : 1626424796, 198, 1, [641229, 558782]
economy : 3715416850, 55, 6, [376081, 485915]
business : 3488851847, 122, 1, [558782, 543349]
business : 1278488439, 52, 1, [543349, 494695]
economy : 9570598661, 73, 1, [494695, 691508]
business : 2684327193, 154, 8, [691508, 494695]
economy : 1829681409, 126, 1, [596864, 836887]
economy : 6693343888, 170, 2, [641229, 596864]
business : 5529623183, 194, 1, [836887, 691508]
economy : 8086083902, 148, 1, [558782, 641229]
economy : 2772613201, 78, 1, [836887, 376081]
economy : 8143225448, 117, 6, [994687, 641229]
business : 2063941115, 77, 2, [543349, 485915]
first : 5413201129, 105, 1, [494695, 485915]
economy : 3147237758, 142, 2, [543349, 641229]
economy : 2929060927, 81, 1, [543349, 836887]
first : 9523966104, 152, 2, [494695, 543349]
economy : 6463341766, 126, 2, [485915, 376081]
economy : 2937128413, 107, 2, [485915, 691508]
economy : 4717031146, 193, 8, [836887, 485915]
economy : 7776041169, 52, 0, [994687, 691508]
economy : 6437852855, 191, 1, [558782, 494695]
business : 3357298535, 116, 1, [376081, 691508]
business : 6279701649, 181, 9, [836887, 596864]
economy : 5259099351, 117, 2, [596864, 494695]
economy : 5935158810, 45, 1, [641229, 691508]
business : 1050901578, 168, 1, [641229, 485915]
business : 8373054474, 138, 2, [994687, 376081]
first : 6077822335, 61, 3, [494695, 836887]
economy : 6046805634, 194, 3, [836887, 641229]
economy : 8885127367, 160, 8, [641229, 836887]
business : 3792532244, 123, 2, [994687, 558782]
economy : 3917675185, 196, 4, [596864, 494695]
economy : 1302230071, 138, 2, [558782, 641229]
economy : 1143844845, 44, 1, [485915, 641229]
economy : 2238004419, 116, 1, [494695, 596864]
economy : 1265970084, 65, 2, [836887, 641229]
business : 5112109351, 75, 0, [641229, 836887]
economy : 9423419646, 146, 1, [994687, 691508]
economy : 1705446077, 54, 0, [485915, 494695]
economy : 6096979546, 115, 2, [994687, 691508]
economy : 9408989175, 68, 1, [485915, 558782]
economy : 5777639891, 197, 10, [485915, 641229]
economy : 9995497600, 151, 0, [994687, 543349]
economy : 9928623341, 177, 1, [558782, 691508]
business : 4055104455, 156, 2, [836887, 691508]
economy : 8024549043, 113, 1, [596864, 376081]
business : 8599223441, 115, 1, [494695, 994687]
business : 1131602019, 182, 8, [494695, 641229]
economy : 8388506826, 92, 1, [485915, 376081]
economy : 4522124278, 88, 2, [691508, 543349]
economy : 3135923163, 129, 2, [543349, 485915]
economy : 4311317238, 93, 1, [558782, 376081]
economy : 5527228172, 127, 1, [376081, 596864]
economy : 1536600829, 100, 1, [494695, 641229]
economy : 2989041877, 62, 1, [691508, 596864]
business : 7311811037, 148, 2, [494695, 641229]
economy : 9183769496, 160, 0, [836887, 485915]
economy : 5828119662, 131, 0, [994687, 558782]
business : 4966034465, 126, 0, [494695, 836887]
business : 1093610595, 189, 6, [836887, 376081]
business : 8385786128, 115, 0, [691508, 494695]
economy : 2525149237, 121, 7, [485915, 994687]
economy : 6259439437, 196, 0, [376081, 558782]
economy : 5767460900, 119, 1, [376081, 691508]
economy : 7715152783, 132, 2, [485915, 494695]
luxury : 5846095376, 71, 2, [494695, 376081]
business : 4662050002, 112, 0, [558782, 994687]
economy : 5048826092, 199, 2, [485915, 543349]
economy : 4518643648, 145, 10, [376081, 641229]
economy : 6393673905, 49, 1, [494695, 994687]
economy : 6859960974, 139, 1, [558782, 994687]
economy : 7107589081, 52, 2, [596864, 994687]
business : 7874762963, 188, 3, [836887, 543349]
business : 5445872069, 169, 5, [596864, 494695]
business : 8451306392, 130, 9, [485915, 691508]
economy : 7535083029, 137, 6, [994687, 596864]
economy : 1349536684, 81, 1, [994687, 376081]
business : 7334168589, 187, 1, [641229, 485915]
business : 1265150656, 184, 9, [558782, 596864]
business : 2455746996, 184, 1, [494695, 641229]
economy : 5049867516, 85, 4, [596864, 836887]
economy : 2242192651, 76, 3, [485915, 558782]
economy : 5562898465, 97, 2, [485915, 543349]
economy : 8058078010, 167, 6, [376081, 691508]
business : 8585405987, 48, 1, [596864, 641229]
luxury : 3242023308, 48, 1, [543349, 994687]
economy : 1959883989, 91, 0, [691508, 994687]
economy : 8689381604, 183, 1, [376081, 994687]
economy : 3385225255, 171, 1, [641229, 691508]
economy : 7412020427, 50, 1, [485915, 494695]
luxury : 9736946142, 148, 0, [376081, 543349]
economy : 2034464122, 102, 8, [543349, 691508]
economy : 9340029658, 200, 1, [641229, 494695]
economy : 2247298394, 181, 3, [485915, 543349]
economy : 6763819358, 79, 2, [691508, 376081]
economy : 1937005320, 59, 2, [494695, 994687]
economy : 8061915181, 134, 2, [543349, 596864]
economy : 4069158214, 197, 1, [543349, 376081]
economy : 9460398899, 85, 1, [376081, 836887]
business : 9552486131, 110, 4, [836887, 641229]
economy : 4646106058, 61, 1, [596864, 494695]
business : 9305552814, 151, 2, [543349, 641229]
business : 4471643491, 104, 1, [596864, 641229]
economy : 5620191457, 157, 1, [494695, 558782]
economy : 1390766871, 106, 1, [596864, 543349]
economy : 8681672566, 121, 3, [558782, 691508]
economy : 6265965343, 117, 2, [485915, 494695]
economy : 9346522809, 117, 1, [596864, 558782]
economy : 8578831816, 68, 2, [485915, 543349]
economy : 6907854191, 159, 1, [543349, 494695]
economy : 5148841981, 147, 4, [596864, 376081]
economy : 9952459904, 85, 1, [543349, 994687]
economy : 7547487567, 153, 0, [485915, 691508]
economy : 7517460620, 115, 2, [558782, 494695]
business : 9697050237, 160, 2, [596864, 376081]
economy : 9071576835, 192, 1, [485915, 691508]
economy : 5434724165, 142, 2, [691508, 641229]
business : 5206875782, 199, 0, [691508, 994687]
economy : 7507031071, 69, 2, [494695, 558782]
economy : 3208899041, 69, 1, [836887, 641229]
economy : 2533572974, 147, 10, [494695, 836887]
economy : 3414407223, 108, 4, [641229, 836887]
economy : 4214395770, 124, 2, [485915, 376081]
economy : 3959651111, 92, 1, [485915, 558782]
economy : 9452186693, 91, 1, [558782, 641229]
luxury : 9478070489, 172, 0, [485915, 494695]
economy : 4931846109, 171, 1, [543349, 376081]
economy : 9206480192, 87, 7, [596864, 485915]
economy : 2042564406, 51, 2, [836887, 641229]
economy : 1966533135, 157, 0, [494695, 596864]
economy : 1462301109, 49, 10, [376081, 641229]
economy : 3288477166, 122, 2, [836887, 543349]
economy : 1215181784, 73, 0, [994687, 485915]
luxury : 6074611570, 147, 2, [641229, 543349]
business : 2025420053, 84, 10, [641229, 596864]
economy : 1839437962, 100, 0, [558782, 641229]
business : 3400497179, 121, 1, [485915, 836887]
economy : 2616963917, 127, 0, [596864, 836887]
economy : 1070400394, 143, 5, [641229, 494695]
economy : 9642071358, 40, 2, [485915, 494695]
