5 77 1941
11988 6057 10368 94680 4152
hub : 873779, -12561, 6088, 42.68, 175500, 3
hub : 844881, -5451, -5660, 47.08, 255600, 2
hub : 223242, -10262, -15476, 35.86, 182700, 4
hub : 201055, -16679, -7635, 50.49, 258900, 3
hub : 571253, -26590, -2832, 64.13, 158700, 4
hub : 192751, -33761, 8783, 51.59, 152700, 5
hub : 370335, -46768, 12819, 56.65, 261600, 2
hub : 810337, -35201, 20031, 39.6, 187500, 3
hub : 196459, -24287, 21391, 53.79, 293700, 4
major : 923190, 2205, 220, 50.82, 203000, 3
major : 601618, -148, -5189, 67.87, 153250, 2
major : 262737, -10478, -4211, 51.92, 214000, 1
major : 911290, -22443, -3971, 70.95, 183750, 3
major : 533078, -29773, 1351, 53.02, 247250, 1
major : 477507, -23879, 4605, 50.05, 241750, 1
major : 970868, -28548, 8830, 71.17, 138250, 2
major : 437014, -27736, 14129, 50.6, 209750, 1
major : 643532, -39014, 5311, 66.88, 212250, 1
major : 685048, -47773, 4442, 71.06, 177750, 1
major : 687525, -33163, 24701, 75.79, 150500, 2
major : 372208, -40470, 18797, 62.04, 240250, 2
major : 371851, -20160, 17983, 57.64, 213750, 2
regional : 639609, -14304, 7901, 92.84, 160400, 1
regional : 866882, -4047, -6718, 98.78, 139400, 2
regional : 868270, -9357, -15289, 109.12, 189200, 2
regional : 746562, -9009, -17036, 81.29, 128800, 1
regional : 314528, -10340, -12980, 75.24, 147200, 1
regional : 140202, -10997, -16357, 108.68, 155000, 2
regional : 767588, -19976, -9856, 92.29, 199600, 1
regional : 845104, -26394, -4089, 97.46, 116000, 2
regional : 626556, -25708, -2203, 106.92, 155800, 2
regional : 986325, -33427, 9993, 107.14, 173200, 2
regional : 626683, -44866, 14076, 108.02, 100000, 1
regional : 649850, -47770, 11659, 68.53, 113800, 2
regional : 909842, -45815, 12347, 69.52, 154400, 1
regional : 321331, -35938, 19633, 82.83, 179800, 1
regional : 942020, -34546, 23604, 73.37, 183000, 2
regional : 372996, -34708, 19069, 106.81, 178400, 2
regional : 251767, -32826, 18906, 99.22, 179400, 2
regional : 253231, -25474, 24177, 87.23, 126600, 1
regional : 289953, -24772, 20589, 68.2, 197800, 1
regional : 731578, -21854, 23259, 95.37, 152600, 2
regional : 254038, 729, 1233, 106.48, 199000, 2
regional : 413788, -1660, -3558, 88.22, 161800, 1
regional : 452115, 1630, -2067, 98.23, 108800, 1
regional : 169789, -9517, -4519, 80.3, 136200, 1
regional : 793900, -13049, -1339, 66.66, 152800, 1
regional : 715378, -20383, -2176, 86.57, 164000, 1
regional : 120966, -28572, 2273, 92.29, 187400, 1
regional : 263474, -26193, -81, 105.93, 195200, 2
regional : 423595, -30329, 1603, 77.99, 124000, 2
regional : 720030, -30028, -114, 105.93, 192800, 1
regional : 276459, -21734, 2866, 88.88, 147400, 1
regional : 871980, -22916, 3363, 72.16, 144800, 2
regional : 851891, -22346, 7297, 108.35, 108400, 2
regional : 245342, -25504, 7345, 83.49, 125400, 2
regional : 126164, -27667, 9457, 101.86, 196000, 2
regional : 331218, -25498, 10845, 81.18, 196000, 2
regional : 195647, -28130, 15210, 95.7, 128000, 1
regional : 258489, -27237, 14138, 80.08, 129600, 2
regional : 765564, -35974, 3968, 96.69, 161400, 1
regional : 781212, -39805, 6519, 98.01, 133000, 1
regional : 299493, -48946, 6502, 67.43, 189600, 1
regional : 608697, -49653, 2450, 104.94, 156800, 1
regional : 251440, -46256, 3724, 96.25, 171800, 1
regional : 826121, -47424, 3790, 109.01, 142400, 1
regional : 255487, -47799, 6441, 93.5, 122800, 2
regional : 769605, -33057, 24239, 88.99, 158200, 1
regional : 302208, -31637, 25749, 104.28, 171600, 1
regional : 502490, -34935, 25034, 89.54, 176600, 2
regional : 709865, -37550, 17919, 76.89, 179000, 1
regional : 252425, -43502, 18199, 104.94, 171800, 2
regional : 694654, -42153, 17077, 72.16, 103000, 1
regional : 864656, -41075, 16164, 77.33, 111000, 1
regional : 527912, -38736, 21607, 94.71, 138600, 2
regional : 950503, -22075, 17178, 104.5, 190600, 1
regional : 418919, -22139, 21318, 102.96, 116600, 2
economy : 1498635144, 62, 1, [873779, 201055]
economy : 9896255875, 93, 6, [873779, 192751]
economy : 2410778856, 95, 8, [370335, 192751]
economy : 8977397790, 120, 3, [810337, 223242]
economy : 7323969713, 66, 2, [810337, 571253]
first : 1591318977, 42, 2, [844881, 873779]
economy : 7899044067, 52, 2, [810337, 201055]
economy : 7805065708, 158, 2, [201055, 196459]
business : 6349744203, 62, 2, [196459, 810337]
economy : 4099946696, 58, 2, [370335, 201055]
economy : 6911228020, 198, 8, [196459, 844881]
economy : 8287252783, 179, 2, [873779, 223242]
economy : 8327974642, 110, 3, [370335, 571253]
economy : 4481420941, 166, 1, [844881, 223242]
first : 9118499839, 89, 3, [571253, 196459]
economy : 8109021340, 88, 1, [370335, 873779]
economy : 4534474597, 187, 8, [192751, 844881]
business : 5887953026, 128, 1, [192751, 810337]
business : 9880964704, 113, 8, [196459, 844881]
economy : 6368204027, 78, 2, [370335, 810337]
business : 2122956447, 140, 0, [223242, 196459]
business : 4224511148, 99, 1, [810337, 370335]
business : 8016791274, 116, 2, [370335, 844881]
economy : 5959285474, 55, 4, [844881, 873779]
business : 3310051680, 77, 1, [873779, 571253]
business : 1198251646, 66, 10, [192751, 201055]
economy : 4019340503, 121, 1, [370335, 192751]
business : 1654523837, 140, 0, [571253, 873779]
economy : 4864526943, 113, 4, [201055, 196459]
economy : 8347168759, 194, 6, [192751, 844881]
economy : 6788328305, 163, 7, [192751, 571253]
economy : 4346452767, 90, 4, [844881, 223242]
economy : 3033468266, 58, 2, [201055, 873779]
economy : 5248005870, 182, 2, [810337, 370335]
economy : 8324131012, 63, 2, [844881, 192751]
economy : 6163758775, 191, 1, [192751, 571253]
business : 5659850058, 98, 1, [192751, 571253]
economy : 6612304392, 186, 1, [810337, 192751]
economy : 6611288047, 47, 0, [223242, 201055]
economy : 8310141478, 184, 1, [196459, 873779]
business : 1849593440, 85, 2, [873779, 196459]
economy : 5818591253, 58, 0, [223242, 571253]
economy : 1610806613, 127, 1, [192751, 810337]
economy : 1129239950, 160, 1, [571253, 223242]
economy : 6374883897, 177, 1, [201055, 223242]
economy : 2500899244, 92, 1, [571253, 873779]
economy : 2032512037, 90, 2, [844881, 192751]
business : 3196616824, 115, 4, [810337, 192751]
economy : 4482516311, 130, 2, [370335, 844881]
business : 2177484156, 172, 1, [196459, 192751]
economy : 1290511636, 52, 0, [844881, 196459]
economy : 2245071491, 132, 2, [196459, 810337]
economy : 1235881508, 188, 0, [196459, 192751]
economy : 8237810744, 195, 2, [844881, 201055]
economy : 8845870063, 130, 8, [571253, 201055]
economy : 1388632120, 69, 4, [223242, 370335]
business : 2397661462, 119, 3, [223242, 873779]
economy : 6518117947, 96, 0, [223242, 192751]
economy : 2229258581, 66, 3, [810337, 370335]
economy : 5767115721, 153, 1, [196459, 873779]
economy : 7973118591, 64, 5, [192751, 370335]
economy : 8417062240, 143, 0, [873779, 192751]
economy : 3561325396, 92, 1, [873779, 810337]
business : 5414091985, 177, 0, [370335, 873779]
economy : 2225660772, 66, 2, [370335, 810337]
economy : 4795592104, 68, 3, [223242, 844881]
business : 8395799087, 186, 2, [201055, 192751]
economy : 9243789066, 113, 1, [201055, 370335]
economy : 1353903651, 57, 3, [192751, 873779]
economy : 2241252388, 148, 5, [370335, 192751]
economy : 2278969966, 149, 9, [196459, 810337]
economy : 7404003830, 107, 1, [873779, 844881]
economy : 9312205943, 109, 10, [223242, 201055]
economy : 6112464105, 163, 2, [370335, 873779]
economy : 7300564843, 90, 1, [810337, 571253]
economy : 3868414682, 196, 0, [196459, 571253]
economy : 9723665339, 185, 2, [571253, 810337]
economy : 5046894495, 108, 5, [196459, 370335]
business : 7613794498, 187, 4, [370335, 873779]
economy : 5813015840, 171, 8, [201055, 370335]
economy : 1677309760, 77, 2, [370335, 571253]
economy : 6343891853, 149, 7, [201055, 873779]
economy : 6871839185, 138, 5, [192751, 571253]
economy : 4923093062, 51, 2, [196459, 571253]
business : 8974477691, 54, 0, [844881, 571253]
economy : 3164250707, 68, 1, [810337, 370335]
economy : 9320227261, 77, 0, [192751, 571253]
economy : 5779931637, 119, 2, [571253, 810337]
economy : 8956449660, 114, 1, [370335, 844881]
economy : 2107397372, 149, 1, [223242, 192751]
economy : 4627605842, 143, 1, [873779, 844881]
business : 3350832744, 48, 2, [192751, 571253]
economy : 4853257472, 139, 1, [196459, 201055]
economy : 2274264769, 134, 2, [810337, 873779]
economy : 8928861312, 195, 1, [196459, 571253]
economy : 4667575452, 185, 9, [196459, 844881]
business : 9042224658, 184, 2, [223242, 571253]
business : 9253737186, 157, 2, [192751, 196459]
economy : 6073713622, 96, 2, [370335, 844881]
economy : 9335733556, 159, 1, [223242, 844881]
economy : 2178231659, 80, 4, [873779, 196459]
economy : 8502208631, 51, 10, [873779, 223242]
economy : 3584633137, 178, 4, [196459, 873779]
economy : 9039404958, 59, 1, [196459, 370335]
economy : 2528312623, 190, 0, [196459, 844881]
business : 8331052961, 153, 1, [844881, 873779]
economy : 6809435933, 139, 2, [810337, 196459]
economy : 7063031094, 43, 2, [571253, 192751]
economy : 8959190555, 181, 2, [201055, 844881]
economy : 9501420972, 145, 1, [370335, 810337]
business : 8700779204, 137, 2, [844881, 201055]
business : 5650780415, 168, 2, [223242, 844881]
economy : 2721613830, 143, 6, [810337, 201055]
economy : 7774429231, 133, 1, [196459, 370335]
economy : 4553908762, 108, 9, [571253, 196459]
economy : 7353746825, 72, 1, [571253, 223242]
economy : 6808856162, 142, 2, [192751, 844881]
business : 6880724648, 130, 1, [192751, 873779]
economy : 8763341496, 127, 1, [873779, 810337]
business : 1820176111, 89, 3, [873779, 370335]
economy : 3085747751, 123, 4, [201055, 223242]
business : 3393810462, 159, 3, [873779, 810337]
economy : 8916587558, 80, 8, [810337, 571253]
economy : 2435965659, 153, 1, [571253, 873779]
business : 3674492950, 133, 10, [201055, 810337]
economy : 2683336120, 135, 2, [223242, 370335]
business : 1949546896, 84, 1, [370335, 873779]
economy : 1369474846, 174, 3, [873779, 571253]
economy : 3604474785, 71, 3, [196459, 873779]
first : 3830122671, 58, 0, [192751, 370335]
economy : 7939389437, 44, 7, [196459, 370335]
economy : 9814920630, 125, 1, [201055, 844881]
business : 8366853770, 175, 7, [223242, 192751]
economy : 4325047465, 154, 2, [370335, 844881]
economy : 7851197401, 84, 0, [223242, 370335]
economy : 5928607997, 155, 1, [810337, 844881]
economy : 8380974391, 168, 1, [196459, 571253]
economy : 6897449507, 78, 0, [571253, 196459]
economy : 1127411942, 193, 2, [571253, 192751]
economy : 6485715363, 95, 4, [844881, 201055]
economy : 8170725606, 144, 10, [873779, 192751]
economy : 2505512957, 189, 1, [223242, 196459]
business : 9613414329, 126, 1, [196459, 810337]
economy : 6851592389, 77, 10, [571253, 223242]
economy : 2551358254, 130, 0, [196459, 192751]
business : 3765505278, 143, 0, [571253, 196459]
economy : 5736068857, 134, 0, [201055, 223242]
business : 7055262381, 104, 0, [873779, 571253]
economy : 9641966471, 86, 1, [844881, 370335]
economy : 5722059406, 46, 0, [223242, 810337]
economy : 9254252055, 97, 2, [571253, 873779]
economy : 2766047875, 178, 6, [370335, 873779]
business : 7248571723, 60, 1, [201055, 844881]
economy : 6201906134, 139, 1, [810337, 192751]
economy : 5913802521, 50, 3, [196459, 810337]
business : 9262024071, 189, 6, [196459, 844881]
economy : 9371964448, 92, 2, [370335, 192751]
economy : 2744538212, 69, 0, [201055, 223242]
economy : 6187494693, 106, 1, [196459, 370335]
business : 3490108569, 114, 2, [873779, 571253]
business : 4664524769, 54, 1, [192751, 873779]
economy : 4293044135, 150, 3, [223242, 201055]
economy : 7260338264, 169, 6, [810337, 571253]
economy : 8954727263, 194, 2, [192751, 873779]
economy : 4127407739, 97, 1, [810337, 571253]
economy : 6875277574, 194, 9, [810337, 201055]
economy : 3021685967, 57, 3, [844881, 810337]
business : 4980900101, 105, 8, [873779, 223242]
economy : 3682178269, 64, 10, [196459, 810337]
economy : 3242854953, 50, 3, [223242, 810337]
business : 2345731635, 167, 2, [192751, 810337]
business : 3863901910, 176, 1, [223242, 873779]
economy : 1523182943, 105, 3, [810337, 873779]
economy : 1783668919, 150, 0, [370335, 844881]
economy : 4511456107, 96, 1, [370335, 201055]
economy : 6064786028, 64, 3, [844881, 571253]
economy : 4677939523, 54, 2, [192751, 810337]
economy : 3248406630, 162, 4, [223242, 873779]
economy : 6938938751, 149, 6, [223242, 201055]
economy : 4455570982, 58, 0, [810337, 844881]
business : 8556254800, 106, 4, [201055, 844881]
economy : 6933795098, 149, 1, [873779, 571253]
economy : 1104022822, 91, 1, [370335, 196459]
economy : 1744200192, 108, 4, [223242, 196459]
economy : 6333828265, 69, 2, [873779, 192751]
economy : 6468318511, 165, 6, [810337, 844881]
economy : 8841975732, 87, 0, [370335, 192751]
economy : 3046444859, 165, 1, [844881, 196459]
economy : 3781122155, 131, 2, [844881, 223242]
economy : 6934535373, 188, 3, [223242, 810337]
economy : 1979716876, 113, 0, [370335, 196459]
economy : 5059162101, 188, 1, [844881, 192751]
economy : 2917085772, 82, 1, [844881, 201055]
economy : 1759677355, 166, 2, [844881, 196459]
economy : 5203867416, 120, 2, [192751, 873779]
economy : 7540061089, 164, 1, [810337, 571253]
business : 9360148556, 71, 2, [810337, 223242]
business : 4906061936, 78, 6, [196459, 571253]
business : 6138821971, 76, 0, [201055, 844881]
economy : 6289713471, 185, 5, [201055, 844881]
business : 6636444647, 90, 2, [192751, 571253]
economy : 6304063623, 178, 0, [223242, 192751]
economy : 4586684279, 170, 0, [201055, 223242]
economy : 1745341934, 108, 3, [873779, 370335]
economy : 6785323872, 116, 3, [571253, 192751]
business : 6169033704, 86, 1, [873779, 196459]
economy : 9924727034, 119, 3, [844881, 571253]
economy : 3148321688, 157, 1, [196459, 810337]
economy : 4731465302, 131, 6, [196459, 192751]
business : 6751349897, 138, 1, [810337, 873779]
economy : 2655197023, 86, 2, [201055, 571253]
economy : 5154996058, 47, 2, [844881, 370335]
economy : 1344996361, 45, 2, [844881, 223242]
economy : 6640797925, 187, 9, [370335, 571253]
business : 9302329030, 174, 1, [844881, 201055]
business : 2572160263, 54, 2, [571253, 223242]
business : 6519564107, 111, 0, [201055, 873779]
business : 1236981939, 122, 2, [873779, 810337]
economy : 8853078997, 193, 1, [844881, 571253]
economy : 1678627116, 83, 1, [844881, 223242]
economy : 6225590812, 156, 5, [370335, 810337]
economy : 8782509513, 164, 9, [844881, 873779]
economy : 4371729379, 172, 6, [196459, 192751]
economy : 1767658228, 45, 2, [873779, 223242]
economy : 8644034910, 45, 1, [844881, 370335]
economy : 4621003982, 116, 5, [196459, 192751]
economy : 5705758673, 181, 4, [201055, 223242]
business : 9626241121, 41, 3, [192751, 223242]
economy : 4282879350, 92, 1, [810337, 844881]
economy : 2255494721, 127, 0, [571253, 201055]
economy : 2737207605, 99, 1, [370335, 571253]
business : 9106209022, 55, 1, [370335, 192751]
economy : 8890524962, 188, 1, [223242, 571253]
business : 6523235134, 53, 1, [370335, 873779]
economy : 9726745251, 52, 1, [223242, 192751]
business : 7576931044, 96, 2, [873779, 223242]
economy : 7548179663, 73, 1, [844881, 223242]
business : 6653639530, 190, 0, [370335, 223242]
economy : 8413757447, 173, 9, [810337, 192751]
business : 6527080733, 74, 2, [844881, 873779]
economy : 8443283109, 116, 1, [223242, 873779]
business : 6495377266, 159, 5, [201055, 844881]
economy : 5997662541, 82, 5, [223242, 196459]
economy : 5749690382, 174, 1, [201055, 571253]
economy : 4386208186, 89, 1, [223242, 571253]
economy : 1388236827, 47, 3, [370335, 201055]
economy : 8336117118, 67, 1, [370335, 192751]
economy : 4912346659, 180, 1, [844881, 223242]
economy : 3134445954, 47, 9, [844881, 192751]
economy : 7591074099, 81, 4, [844881, 223242]
business : 8223566274, 142, 2, [370335, 571253]
economy : 5770294760, 156, 1, [844881, 810337]
business : 3691727622, 143, 4, [844881, 192751]
business : 4777155939, 44, 0, [873779, 370335]
economy : 4736106425, 62, 2, [201055, 223242]
economy : 4701414242, 170, 5, [873779, 223242]
business : 5589934190, 95, 2, [571253, 873779]
business : 6007936702, 180, 6, [810337, 370335]
business : 6934680184, 56, 5, [223242, 192751]
economy : 8445104006, 132, 1, [201055, 370335]
business : 8439179028, 179, 1, [873779, 844881]
economy : 2573876846, 171, 1, [810337, 223242]
business : 8001755730, 99, 2, [873779, 201055]
economy : 9676050231, 108, 5, [201055, 844881]
economy : 6298795599, 50, 8, [844881, 223242]
economy : 9666263010, 110, 0, [370335, 192751]
economy : 7553492219, 121, 2, [571253, 192751]
economy : 7743980220, 173, 4, [196459, 370335]
business : 9826577602, 107, 1, [201055, 844881]
economy : 8870358566, 65, 2, [370335, 571253]
economy : 6925586441, 99, 1, [370335, 223242]
economy : 8302766596, 63, 0, [844881, 201055]
economy : 6320333929, 77, 1, [873779, 196459]
business : 8486168340, 132, 3, [370335, 844881]
business : 1518719241, 55, 2, [192751, 201055]
economy : 9511505280, 49, 0, [192751, 196459]
economy : 9390068510, 114, 1, [571253, 873779]
economy : 1024885721, 42, 1, [844881, 192751]
economy : 1340307153, 192, 0, [223242, 844881]
business : 3640372191, 47, 2, [571253, 844881]
economy : 6283969751, 180, 9, [810337, 873779]
economy : 9332878908, 132, 0, [201055, 844881]
economy : 2268447943, 133, 2, [370335, 223242]
business : 5171020092, 41, 0, [192751, 196459]
economy : 5784234635, 160, 1, [370335, 192751]
business : 5672779611, 76, 1, [196459, 370335]
business : 9809644965, 198, 1, [873779, 844881]
business : 4541479780, 69, 3, [196459, 844881]
economy : 1890758304, 60, 1, [810337, 844881]
business : 7860830588, 135, 0, [196459, 370335]
economy : 8471485377, 41, 6, [571253, 223242]
business : 6156634649, 122, 2, [370335, 201055]
business : 5048964374, 183, 2, [571253, 370335]
economy : 2654313112, 89, 2, [873779, 192751]
business : 2466824707, 169, 2, [192751, 370335]
economy : 2632010095, 148, 4, [810337, 196459]
economy : 2211876139, 102, 2, [873779, 370335]
economy : 3919420494, 109, 2, [873779, 810337]
economy : 4300859867, 136, 3, [571253, 844881]
economy : 1696353645, 172, 3, [810337, 844881]
economy : 2957270389, 62, 2, [223242, 571253]
economy : 2025104633, 60, 1, [223242, 192751]
economy : 3681713796, 174, 5, [223242, 192751]
economy : 6341881072, 96, 1, [192751, 571253]
economy : 7803910773, 155, 0, [370335, 223242]
economy : 6165347604, 157, 1, [223242, 370335]
economy : 6653319558, 87, 2, [196459, 873779]
business : 1882777052, 138, 1, [192751, 223242]
business : 8824779921, 190, 1, [844881, 810337]
economy : 4869059690, 40, 2, [873779, 844881]
economy : 8001152144, 48, 2, [844881, 873779]
business : 8655516760, 89, 0, [810337, 873779]
economy : 7940813651, 82, 0, [201055, 571253]
economy : 3135884145, 73, 1, [844881, 192751]
economy : 8248529799, 97, 2, [196459, 201055]
economy : 3395481804, 50, 2, [201055, 223242]
business : 6674538381, 79, 2, [223242, 201055]
economy : 2661011847, 155, 1, [844881, 201055]
economy : 4735461691, 93, 8, [810337, 844881]
business : 9827442924, 188, 2, [810337, 223242]
business : 1646533026, 56, 1, [810337, 192751]
economy : 5111984160, 93, 2, [196459, 873779]
business : 1209011407, 47, 1, [192751, 223242]
business : 6535980772, 188, 6, [370335, 192751]
economy : 5220900422, 171, 0, [844881, 571253]
economy : 9018216417, 118, 3, [192751, 571253]
economy : 7396987207, 157, 5, [810337, 873779]
business : 9194991769, 126, 2, [810337, 201055]
economy : 9031176893, 180, 2, [571253, 192751]
business : 1147844659, 179, 2, [223242, 192751]
economy : 7192773504, 102, 1, [370335, 223242]
economy : 7348386053, 180, 5, [810337, 370335]
economy : 4772557088, 59, 4, [192751, 201055]
economy : 7075276031, 76, 2, [196459, 370335]
economy : 7247289230, 125, 1, [844881, 370335]
economy : 8478706302, 71, 2, [370335, 571253]
economy : 4792709234, 184, 3, [844881, 223242]
business : 7860916092, 46, 2, [571253, 201055]
economy : 4351503139, 199, 1, [370335, 844881]
economy : 9574867598, 63, 1, [571253, 844881]
business : 2634959505, 152, 4, [844881, 192751]
business : 6461351626, 100, 7, [370335, 844881]
economy : 5086807095, 87, 10, [192751, 844881]
economy : 4632577880, 91, 0, [844881, 370335]
business : 3101556603, 153, 0, [571253, 201055]
business : 8214867088, 188, 0, [873779, 196459]
economy : 6404819367, 138, 2, [844881, 223242]
economy : 6639255996, 75, 3, [873779, 201055]
economy : 7535161319, 191, 2, [873779, 370335]
economy : 9300907778, 167, 10, [873779, 571253]
economy : 1748472623, 66, 0, [844881, 196459]
economy : 3357615471, 64, 0, [223242, 370335]
economy : 4031579694, 162, 2, [192751, 844881]
economy : 6423790272, 116, 2, [196459, 201055]
business : 9712042293, 78, 8, [571253, 196459]
economy : 1966204966, 65, 2, [223242, 192751]
economy : 4933501246, 59, 2, [370335, 192751]
economy : 3332405542, 55, 1, [192751, 571253]
economy : 6456600775, 186, 2, [196459, 223242]
economy : 2840742581, 80, 1, [810337, 196459]
economy : 2224041850, 158, 1, [571253, 810337]
economy : 5290543341, 192, 2, [571253, 844881]
economy : 2652729547, 200, 1, [201055, 810337]
business : 2079009013, 160, 5, [810337, 196459]
business : 1013867281, 54, 2, [873779, 571253]
economy : 9229352234, 181, 2, [223242, 196459]
economy : 8783876552, 180, 0, [201055, 196459]
economy : 8658316442, 127, 2, [370335, 571253]
economy : 7953645220, 56, 6, [810337, 201055]
economy : 8149831636, 84, 2, [873779, 192751]
economy : 4928007160, 85, 1, [196459, 873779]
business : 7075655669, 182, 3, [192751, 810337]
economy : 1662981461, 44, 2, [810337, 844881]
economy : 9525378985, 151, 2, [873779, 571253]
economy : 7898448799, 102, 0, [810337, 873779]
economy : 6678166840, 43, 1, [223242, 571253]
business : 5789759393, 78, 2, [370335, 810337]
economy : 1529609709, 76, 0, [873779, 196459]
business : 6544419206, 124, 1, [844881, 873779]
business : 9671390284, 147, 1, [201055, 370335]
economy : 6318307828, 171, 2, [571253, 223242]
economy : 9917243414, 154, 0, [844881, 571253]
business : 9288714497, 145, 2, [201055, 223242]
economy : 5221634037, 116, 1, [810337, 201055]
economy : 2685586100, 198, 1, [196459, 223242]
business : 7365924964, 96, 1, [223242, 192751]
economy : 7427897489, 114, 3, [810337, 196459]
economy : 9479441028, 52, 0, [873779, 201055]
first : 5117644598, 89, 1, [196459, 223242]
economy : 4830431393, 149, 2, [196459, 571253]
economy : 1617549917, 176, 1, [201055, 810337]
business : 8085498360, 189, 1, [192751, 370335]
economy : 2278500411, 153, 1, [192751, 201055]
economy : 4678829201, 186, 0, [571253, 223242]
business : 1812728531, 90, 4, [810337, 223242]
economy : 7161318787, 63, 1, [223242, 844881]
economy : 9267189632, 97, 8, [196459, 873779]
economy : 3159482773, 147, 2, [196459, 192751]
economy : 9554702327, 110, 3, [873779, 201055]
economy : 5598406256, 110, 2, [370335, 844881]
business : 6309494706, 171, 5, [192751, 571253]
economy : 3520417505, 108, 1, [844881, 223242]
economy : 6231330284, 117, 1, [196459, 571253]
economy : 5113229517, 184, 1, [844881, 873779]
economy : 9408636227, 195, 0, [571253, 873779]
business : 1070747480, 197, 5, [196459, 201055]
business : 9678718541, 182, 10, [201055, 844881]
economy : 5204496412, 80, 1, [196459, 223242]
business : 4891369178, 104, 4, [370335, 201055]
luxury : 9546743295, 147, 0, [196459, 844881]
economy : 4916105160, 47, 1, [810337, 201055]
business : 6732006905, 105, 2, [223242, 571253]
business : 3032045995, 40, 1, [370335, 192751]
business : 8732527855, 102, 2, [223242, 571253]
economy : 5735923833, 69, 9, [192751, 844881]
economy : 1045620082, 92, 3, [873779, 201055]
economy : 1647370478, 157, 3, [873779, 192751]
economy : 1992429879, 171, 3, [873779, 223242]
economy : 5251016773, 121, 2, [370335, 201055]
economy : 9966219858, 82, 3, [196459, 370335]
economy : 8685119777, 186, 3, [192751, 196459]
economy : 2327856481, 141, 5, [810337, 223242]
economy : 2659708285, 198, 1, [196459, 873779]
business : 1140374139, 179, 1, [370335, 810337]
business : 6137528797, 174, 1, [844881, 810337]
business : 9255856391, 132, 2, [810337, 201055]
economy : 7574561364, 156, 1, [192751, 873779]
business : 1758520133, 196, 1, [571253, 201055]
business : 1552828667, 56, 0, [370335, 571253]
economy : 5181891704, 66, 2, [223242, 192751]
business : 3272682340, 43, 2, [196459, 844881]
economy : 9044697872, 43, 2, [196459, 571253]
economy : 5296946914, 158, 1, [873779, 571253]
business : 7041757849, 140, 6, [192751, 810337]
business : 7430070426, 186, 2, [196459, 571253]
economy : 6781780649, 58, 1, [571253, 873779]
business : 6876908799, 45, 5, [192751, 196459]
economy : 7660384356, 149, 2, [192751, 571253]
economy : 4982292954, 134, 0, [571253, 873779]
economy : 8557017161, 147, 5, [873779, 844881]
economy : 9851763843, 89, 1, [370335, 196459]
business : 8563964210, 114, 3, [873779, 196459]
business : 4753006940, 135, 0, [223242, 873779]
economy : 6618493681, 126, 2, [571253, 873779]
economy : 2626562040, 94, 3, [571253, 201055]
economy : 6091065049, 117, 2, [873779, 196459]
economy : 2388418480, 47, 0, [201055, 192751]
business : 9458895937, 129, 2, [844881, 223242]
economy : 2956158738, 189, 7, [873779, 192751]
economy : 5227816063, 162, 2, [571253, 201055]
economy : 2054039606, 58, 3, [196459, 810337]
business : 7735581504, 59, 1, [873779, 201055]
economy : 9769443498, 139, 2, [223242, 196459]
economy : 8785216900, 97, 1, [201055, 223242]
business : 6632499725, 80, 4, [223242, 571253]
first : 5778980022, 125, 3, [201055, 873779]
economy : 5032928658, 49, 1, [196459, 201055]
economy : 3468147764, 191, 1, [370335, 201055]
economy : 5760611428, 119, 0, [201055, 223242]
economy : 5757608802, 51, 1, [192751, 196459]
economy : 3077985367, 199, 4, [873779, 370335]
economy : 7780078611, 185, 1, [571253, 201055]
economy : 6082013314, 160, 3, [873779, 571253]
business : 7453845351, 116, 4, [844881, 370335]
economy : 7751982560, 79, 3, [201055, 192751]
economy : 6959891293, 73, 0, [192751, 223242]
economy : 5741440850, 150, 5, [370335, 844881]
economy : 2417129308, 159, 1, [810337, 201055]
business : 7318217781, 63, 2, [192751, 571253]
economy : 8716204681, 138, 4, [571253, 192751]
economy : 2301860882, 70, 2, [370335, 571253]
economy : 7127195476, 98, 8, [571253, 844881]
economy : 4578665496, 76, 2, [196459, 192751]
business : 7918614194, 62, 2, [571253, 873779]
economy : 8742497073, 134, 4, [196459, 370335]
economy : 9134028028, 154, 6, [223242, 370335]
economy : 9203530507, 179, 1, [196459, 201055]
economy : 7342092730, 98, 0, [571253, 370335]
business : 9165830131, 120, 1, [571253, 196459]
business : 8914469437, 133, 1, [192751, 873779]
economy : 8013280983, 163, 0, [370335, 192751]
business : 2144156532, 189, 0, [192751, 873779]
economy : 6942608521, 116, 0, [201055, 223242]
economy : 9787630891, 168, 4, [370335, 844881]
economy : 3574843382, 185, 2, [810337, 201055]
economy : 2203560729, 194, 2, [196459, 192751]
business : 6264980644, 163, 2, [196459, 223242]
economy : 9751695672, 58, 0, [873779, 370335]
business : 9272300368, 49, 0, [873779, 571253]
economy : 7514637428, 73, 0, [571253, 810337]
economy : 4424646401, 53, 3, [196459, 844881]
economy : 8810752639, 114, 1, [810337, 192751]
business : 8488661304, 110, 2, [223242, 571253]
business : 7699118697, 100, 3, [844881, 810337]
business : 4591900494, 183, 3, [810337, 873779]
economy : 8504381519, 92, 1, [571253, 192751]
business : 7118304585, 136, 2, [873779, 196459]
economy : 1509875990, 190, 0, [844881, 201055]
economy : 9055605791, 155, 0, [810337, 201055]
economy : 8688108127, 117, 2, [370335, 196459]
economy : 8138068129, 86, 3, [192751, 223242]
economy : 7779658503, 88, 0, [196459, 810337]
economy : 9415937242, 169, 1, [810337, 223242]
business : 9088833209, 173, 1, [223242, 201055]
economy : 9212962075, 185, 1, [201055, 196459]
business : 7969806151, 75, 1, [873779, 223242]
economy : 5048431671, 179, 2, [810337, 196459]
business : 7658940330, 85, 1, [192751, 844881]
economy : 1843689581, 178, 1, [196459, 201055]
economy : 8855033408, 164, 0, [201055, 571253]
economy : 7050541763, 52, 5, [810337, 192751]
business : 9978490598, 177, 0, [370335, 201055]
economy : 7725213594, 174, 2, [223242, 810337]
economy : 1431625231, 69, 2, [873779, 223242]
business : 3425580926, 189, 1, [844881, 873779]
economy : 6598907692, 157, 2, [873779, 201055]
economy : 6623802099, 120, 1, [192751, 810337]
economy : 7349331896, 94, 4, [873779, 201055]
economy : 3972425475, 111, 1, [571253, 192751]
business : 8212303914, 140, 5, [571253, 223242]
economy : 7865112100, 158, 2, [810337, 571253]
economy : 2259077656, 161, 0, [873779, 223242]
economy : 1972168720, 144, 2, [196459, 571253]
business : 5190776504, 75, 0, [873779, 571253]
economy : 9090758288, 172, 1, [196459, 844881]
economy : 3004882851, 53, 0, [196459, 370335]
economy : 5934795500, 199, 2, [192751, 196459]
economy : 6751135291, 91, 3, [370335, 201055]
business : 5820202668, 62, 2, [223242, 192751]
economy : 8548240685, 183, 8, [844881, 370335]
economy : 4097525278, 122, 1, [201055, 223242]
economy : 2505971057, 72, 2, [196459, 192751]
economy : 8422021302, 86, 5, [810337, 844881]
economy : 4584189329, 133, 1, [873779, 810337]
economy : 6620019911, 122, 2, [810337, 196459]
economy : 6239952479, 70, 3, [370335, 192751]
business : 8891500422, 154, 1, [196459, 370335]
economy : 1405812264, 97, 6, [844881, 571253]
business : 5009644072, 121, 4, [571253, 844881]
economy : 4885657107, 72, 8, [844881, 192751]
economy : 9320651402, 134, 3, [810337, 196459]
economy : 9786430906, 70, 1, [192751, 196459]
economy : 7321216951, 107, 6, [201055, 810337]
business : 8624240803, 192, 2, [571253, 201055]
economy : 6962559076, 53, 1, [571253, 192751]
economy : 9884735584, 170, 0, [571253, 196459]
business : 6418967112, 91, 3, [844881, 571253]
economy : 3138260732, 60, 0, [196459, 192751]
economy : 2923152917, 51, 2, [196459, 192751]
economy : 7423665910, 117, 4, [810337, 201055]
economy : 3587324068, 158, 1, [873779, 196459]
economy : 4685581404, 171, 7, [873779, 571253]
economy : 9523788094, 148, 1, [873779, 370335]
economy : 8083174523, 101, 0, [571253, 192751]
economy : 9820040547, 90, 3, [192751, 810337]
economy : 5242059831, 125, 5, [571253, 810337]
economy : 2622428787, 97, 1, [873779, 192751]
economy : 8811360306, 196, 5, [223242, 196459]
economy : 9737331726, 51, 2, [810337, 571253]
economy : 5824707374, 159, 0, [571253, 370335]
business : 5126861477, 71, 3, [571253, 223242]
economy : 1188350077, 65, 2, [196459, 810337]
economy : 7195608617, 151, 2, [201055, 844881]
business : 9570776582, 177, 7, [810337, 192751]
economy : 9835090176, 88, 0, [810337, 844881]
economy : 1718942463, 149, 1, [844881, 223242]
business : 7902596049, 102, 2, [192751, 810337]
economy : 7839791182, 42, 8, [196459, 370335]
economy : 2698460710, 81, 2, [370335, 201055]
economy : 9002124357, 47, 5, [873779, 196459]
economy : 9819171409, 40, 1, [192751, 223242]
economy : 7631629518, 193, 1, [192751, 810337]
economy : 8722080248, 74, 0, [571253, 192751]
economy : 5436230206, 102, 2, [571253, 196459]
economy : 1445802645, 114, 4, [844881, 196459]
business : 1823316236, 74, 4, [844881, 223242]
economy : 7549390797, 156, 2, [810337, 192751]
business : 6427374873, 194, 1, [571253, 873779]
economy : 2523410547, 172, 3, [201055, 196459]
economy : 8318652110, 199, 0, [873779, 571253]
business : 1488444434, 52, 1, [192751, 196459]
economy : 2815516058, 172, 1, [844881, 196459]
business : 4334427037, 179, 2, [196459, 844881]
economy : 2467230017, 182, 3, [223242, 844881]
business : 8869538346, 177, 1, [370335, 196459]
business : 6653633334, 80, 2, [810337, 873779]
economy : 9427928356, 136, 3, [810337, 196459]
economy : 1686625886, 167, 4, [873779, 844881]
economy : 4897905228, 180, 2, [223242, 873779]
business : 1752034266, 136, 0, [223242, 196459]
economy : 5746136623, 134, 3, [370335, 196459]
economy : 9679624687, 154, 1, [192751, 571253]
economy : 6477509802, 160, 2, [810337, 201055]
economy : 3642045985, 89, 0, [196459, 223242]
economy : 1008173288, 71, 2, [196459, 873779]
economy : 2810789919, 66, 3, [571253, 844881]
first : 2891988507, 163, 0, [196459, 571253]
economy : 7590595793, 175, 1, [201055, 810337]
economy : 6675237883, 121, 2, [192751, 844881]
business : 8167827297, 40, 3, [201055, 571253]
economy : 4527068361, 154, 10, [571253, 873779]
business : 1675262158, 49, 5, [201055, 571253]
economy : 6404127605, 48, 0, [370335, 810337]
economy : 6572084494, 51, 1, [844881, 192751]
business : 6412120077, 104, 6, [370335, 196459]
business : 8001772417, 157, 0, [571253, 873779]
economy : 3458655067, 119, 0, [571253, 223242]
economy : 2441059471, 49, 1, [223242, 844881]
business : 8670876119, 94, 0, [571253, 223242]
economy : 1832126575, 189, 2, [844881, 201055]
economy : 5473376308, 110, 4, [571253, 844881]
economy : 1875191139, 65, 1, [873779, 810337]
economy : 7219578534, 171, 0, [223242, 844881]
economy : 1825000685, 42, 8, [873779, 201055]
economy : 9224127367, 127, 1, [873779, 201055]
economy : 8055020825, 84, 1, [370335, 844881]
economy : 1423768919, 56, 0, [192751, 196459]
business : 4480517037, 54, 2, [370335, 201055]
business : 8130451411, 81, 7, [873779, 571253]
economy : 8493480762, 43, 2, [810337, 192751]
economy : 8886260356, 189, 2, [201055, 844881]
economy : 7945124061, 134, 3, [192751, 196459]
economy : 6206592760, 68, 2, [370335, 201055]
economy : 1358479911, 84, 2, [810337, 873779]
economy : 6425143959, 143, 1, [196459, 571253]
economy : 2601017949, 166, 6, [201055, 844881]
economy : 5345955536, 73, 1, [196459, 844881]
economy : 9041576366, 130, 2, [192751, 844881]
business : 8988621255, 155, 4, [201055, 810337]
economy : 4917154722, 149, 1, [873779, 223242]
economy : 9464824507, 177, 0, [201055, 192751]
business : 9771442027, 53, 1, [201055, 873779]
economy : 6522896028, 48, 2, [370335, 844881]
economy : 3896517613, 157, 10, [196459, 571253]
economy : 9801189891, 129, 3, [844881, 192751]
business : 4967764038, 95, 3, [571253, 844881]
economy : 2014095218, 61, 0, [873779, 192751]
economy : 5714815658, 148, 1, [192751, 223242]
economy : 9297272699, 134, 2, [201055, 223242]
economy : 5510345341, 105, 9, [873779, 844881]
economy : 4017711031, 177, 3, [571253, 844881]
business : 6913348894, 129, 2, [223242, 810337]
economy : 9789970648, 184, 1, [873779, 223242]
economy : 3373949585, 188, 1, [810337, 196459]
economy : 6166046787, 51, 2, [571253, 370335]
economy : 5376579386, 48, 1, [873779, 844881]
economy : 6500174598, 87, 2, [201055, 192751]
economy : 5318477164, 180, 2, [873779, 223242]
economy : 9367619845, 91, 3, [844881, 201055]
economy : 6074539336, 142, 6, [201055, 873779]
economy : 4545831351, 118, 6, [192751, 201055]
business : 5043986851, 178, 2, [196459, 201055]
business : 4797023018, 102, 0, [844881, 873779]
business : 1295460967, 172, 6, [844881, 571253]
economy : 2783846575, 125, 2, [571253, 873779]
economy : 6517934156, 156, 1, [201055, 571253]
economy : 4560349725, 90, 3, [370335, 844881]
economy : 9574022977, 162, 5, [201055, 192751]
economy : 8636637207, 94, 2, [192751, 223242]
economy : 2037593841, 72, 2, [370335, 201055]
business : 5654594885, 50, 1, [201055, 571253]
economy : 9038974646, 55, 2, [873779, 571253]
economy : 8559038016, 56, 2, [571253, 192751]
economy : 6528026137, 73, 3, [370335, 810337]
economy : 9392175787, 63, 3, [370335, 201055]
business : 5756458394, 79, 2, [844881, 192751]
business : 9555967230, 70, 0, [370335, 223242]
business : 7618453653, 198, 2, [571253, 192751]
economy : 4653483212, 122, 1, [873779, 223242]
economy : 7493321380, 67, 1, [223242, 844881]
business : 7697931079, 55, 1, [810337, 201055]
economy : 7838792836, 130, 1, [571253, 370335]
economy : 4813970627, 96, 2, [201055, 571253]
economy : 9870428709, 159, 2, [223242, 370335]
economy : 6607718817, 73, 10, [196459, 223242]
economy : 1688503708, 69, 2, [201055, 844881]
business : 7267912600, 193, 3, [223242, 873779]
economy : 9314309702, 145, 2, [201055, 196459]
economy : 6741155800, 98, 0, [201055, 192751]
business : 5702563237, 155, 0, [844881, 370335]
business : 7564727398, 194, 2, [873779, 370335]
business : 4311004825, 60, 4, [196459, 810337]
business : 1828877855, 175, 2, [810337, 192751]
economy : 8329976931, 186, 1, [370335, 810337]
economy : 7039936427, 119, 1, [223242, 370335]
economy : 2526738995, 118, 2, [201055, 810337]
business : 6992433174, 82, 4, [192751, 223242]
business : 4789434878, 81, 0, [370335, 810337]
business : 6538542847, 86, 0, [192751, 201055]
business : 4254428671, 106, 6, [844881, 810337]
economy : 7862214873, 88, 2, [844881, 370335]
economy : 5867801669, 163, 7, [192751, 810337]
economy : 8302272613, 185, 2, [192751, 844881]
economy : 4572214641, 131, 0, [810337, 196459]
economy : 7842835087, 125, 1, [873779, 201055]
economy : 9712409287, 96, 2, [810337, 844881]
economy : 6412679645, 80, 10, [873779, 192751]
economy : 8833879403, 98, 1, [192751, 571253]
business : 6485582317, 142, 5, [201055, 192751]
business : 9459427381, 195, 1, [810337, 370335]
business : 3539702367, 61, 0, [873779, 223242]
economy : 9572103651, 145, 7, [571253, 223242]
business : 9664725092, 141, 0, [192751, 223242]
economy : 1845210096, 121, 1, [192751, 571253]
economy : 9987686517, 127, 5, [844881, 201055]
business : 2751148736, 153, 0, [201055, 810337]
economy : 8617734419, 140, 0, [196459, 873779]
economy : 1780568794, 128, 1, [873779, 370335]
economy : 1604183279, 105, 2, [223242, 370335]
business : 4499986230, 73, 3, [844881, 810337]
business : 4671495301, 84, 2, [810337, 223242]
economy : 6815114618, 107, 1, [844881, 810337]
business : 5576723644, 158, 4, [370335, 223242]
economy : 7586656409, 189, 1, [810337, 196459]
business : 6659439882, 150, 1, [223242, 571253]
business : 8088629450, 126, 3, [370335, 873779]
economy : 1804102556, 77, 0, [370335, 844881]
first : 3585091692, 152, 2, [196459, 192751]
economy : 5569317982, 124, 5, [370335, 201055]
economy : 9027692468, 61, 3, [810337, 873779]
economy : 1398999209, 104, 0, [844881, 223242]
economy : 1976943885, 117, 1, [873779, 192751]
economy : 8006212048, 142, 1, [196459, 192751]
economy : 5395904981, 176, 1, [192751, 571253]
business : 6430856340, 72, 6, [370335, 192751]
economy : 1965634111, 130, 7, [810337, 873779]
business : 1610550850, 123, 2, [873779, 844881]
economy : 4265001004, 176, 2, [810337, 571253]
economy : 6827212563, 151, 8, [201055, 873779]
economy : 1752585294, 113, 4, [201055, 873779]
economy : 9975761164, 90, 3, [810337, 223242]
economy : 5591047491, 175, 3, [844881, 571253]
business : 4175317376, 87, 8, [201055, 844881]
business : 5369542595, 68, 1, [873779, 370335]
economy : 7518088449, 159, 1, [571253, 223242]
business : 1328820982, 142, 0, [201055, 844881]
economy : 9754072368, 152, 1, [873779, 223242]
economy : 9791209682, 149, 3, [571253, 223242]
economy : 4556006281, 150, 0, [571253, 192751]
economy : 8606803904, 136, 0, [201055, 844881]
economy : 8014350751, 116, 2, [810337, 571253]
economy : 6275700205, 176, 2, [192751, 196459]
economy : 9419277811, 134, 1, [370335, 201055]
economy : 4916429704, 156, 1, [370335, 844881]
business : 3982036872, 119, 1, [370335, 844881]
business : 6290765745, 94, 2, [223242, 810337]
economy : 1485502727, 138, 1, [370335, 873779]
economy : 3719654636, 168, 1, [201055, 873779]
business : 7220490919, 104, 1, [571253, 201055]
economy : 7553312061, 88, 1, [370335, 192751]
economy : 2768203706, 117, 4, [223242, 571253]
economy : 2157076302, 85, 5, [873779, 192751]
business : 6744528248, 198, 6, [370335, 810337]
economy : 6268018898, 73, 2, [844881, 571253]
economy : 7261041441, 184, 2, [844881, 810337]
business : 8113926066, 92, 1, [370335, 196459]
first : 5481362939, 191, 3, [370335, 201055]
business : 5243725653, 147, 2, [873779, 192751]
business : 5096273168, 48, 8, [571253, 192751]
business : 7650781855, 87, 2, [810337, 844881]
economy : 3534971721, 118, 2, [196459, 844881]
business : 9757791687, 198, 3, [192751, 370335]
economy : 3646279605, 94, 7, [223242, 201055]
economy : 3964399631, 139, 1, [196459, 201055]
economy : 8293775410, 94, 3, [810337, 201055]
economy : 8641065923, 58, 4, [192751, 571253]
economy : 3793364601, 106, 4, [844881, 873779]
economy : 5028504763, 63, 1, [873779, 571253]
economy : 8424761072, 140, 0, [873779, 223242]
economy : 7128274804, 175, 2, [810337, 196459]
economy : 1863742789, 101, 2, [196459, 844881]
economy : 7022846817, 184, 0, [223242, 810337]
economy : 2896129139, 173, 1, [873779, 571253]
economy : 4247685345, 146, 5, [810337, 223242]
business : 8250213062, 125, 4, [844881, 192751]
economy : 9331693767, 40, 3, [873779, 844881]
economy : 3097680382, 198, 8, [196459, 844881]
economy : 7699884618, 169, 2, [223242, 844881]
economy : 4707672507, 86, 0, [192751, 810337]
business : 7134404047, 144, 1, [192751, 844881]
economy : 9974603818, 178, 1, [370335, 810337]
business : 7013232791, 182, 2, [196459, 873779]
business : 9179297094, 183, 0, [844881, 810337]
economy : 2748443337, 143, 10, [223242, 571253]
business : 5020880353, 119, 4, [196459, 810337]
economy : 1107219092, 132, 3, [196459, 810337]
economy : 3478826795, 108, 0, [810337, 571253]
economy : 8769425261, 56, 3, [810337, 873779]
business : 4583853902, 126, 2, [370335, 223242]
economy : 9712007552, 183, 1, [844881, 571253]
business : 8840761175, 73, 6, [201055, 571253]
economy : 3928187639, 137, 3, [192751, 844881]
economy : 8203558788, 175, 5, [571253, 223242]
economy : 2100416457, 85, 1, [873779, 223242]
economy : 6674135471, 139, 1, [370335, 810337]
economy : 8268057032, 59, 2, [192751, 370335]
economy : 5432486327, 59, 4, [810337, 192751]
economy : 5802294770, 177, 10, [192751, 223242]
business : 9661102967, 130, 3, [370335, 192751]
economy : 4204058787, 86, 1, [201055, 192751]
economy : 9051638379, 73, 3, [223242, 844881]
economy : 2586770295, 170, 1, [873779, 192751]
business : 7211183405, 60, 0, [201055, 370335]
business : 9417602998, 134, 0, [873779, 201055]
economy : 2616629609, 87, 1, [571253, 223242]
economy : 9322565056, 147, 0, [196459, 873779]
economy : 7060604829, 42, 1, [223242, 192751]
economy : 2885763763, 142, 1, [201055, 844881]
business : 3162292283, 124, 6, [196459, 192751]
first : 9915960236, 171, 2, [192751, 844881]
business : 2881891827, 58, 2, [844881, 196459]
business : 4157340794, 186, 4, [223242, 844881]
economy : 3654688574, 146, 4, [571253, 201055]
economy : 1514731168, 159, 4, [810337, 192751]
business : 5503700963, 91, 1, [196459, 201055]
business : 4018284187, 42, 0, [370335, 873779]
economy : 7121048339, 90, 8, [192751, 873779]
economy : 3363425858, 157, 2, [370335, 873779]
economy : 1243299733, 65, 3, [196459, 810337]
economy : 1847124536, 111, 4, [192751, 201055]
business : 3388598396, 111, 2, [873779, 810337]
economy : 6615329091, 116, 1, [810337, 571253]
economy : 3619721785, 163, 1, [192751, 844881]
economy : 4930852251, 191, 2, [192751, 844881]
economy : 3040573593, 171, 0, [810337, 873779]
business : 8106830649, 82, 9, [844881, 810337]
business : 4883175706, 116, 1, [196459, 844881]
economy : 4678074017, 45, 3, [844881, 370335]
economy : 1629895889, 103, 5, [873779, 844881]
economy : 2434097354, 159, 0, [844881, 571253]
economy : 5614855920, 160, 4, [223242, 201055]
economy : 2389207828, 41, 1, [810337, 201055]
economy : 2261691010, 90, 1, [810337, 223242]
business : 9114756878, 102, 0, [571253, 196459]
business : 5459432484, 189, 4, [571253, 370335]
economy : 4465737140, 100, 0, [196459, 844881]
economy : 8393313424, 116, 2, [571253, 370335]
economy : 1961264579, 109, 1, [571253, 370335]
business : 5237601090, 177, 2, [810337, 201055]
economy : 8505107926, 145, 0, [201055, 370335]
economy : 8336496266, 191, 10, [196459, 571253]
economy : 1504838710, 169, 1, [201055, 571253]
economy : 2567449348, 44, 7, [192751, 844881]
first : 1424803390, 121, 1, [370335, 192751]
economy : 7676471798, 81, 4, [873779, 844881]
business : 3762425723, 55, 4, [192751, 196459]
business : 5645134266, 78, 0, [201055, 192751]
business : 5473789979, 66, 8, [223242, 201055]
economy : 5247949661, 118, 1, [844881, 201055]
business : 2796604723, 174, 0, [873779, 196459]
business : 6300112085, 194, 9, [201055, 873779]
economy : 1566647681, 185, 3, [571253, 196459]
economy : 7845813758, 45, 3, [192751, 571253]
economy : 6329388997, 101, 2, [810337, 571253]
business : 9983230602, 119, 2, [873779, 196459]
economy : 5490705818, 91, 3, [201055, 844881]
economy : 6557698201, 148, 2, [192751, 196459]
first : 9749571519, 103, 0, [844881, 571253]
business : 1957155792, 86, 3, [192751, 370335]
business : 3012566066, 158, 3, [370335, 196459]
economy : 1129370547, 88, 0, [844881, 810337]
business : 6662821139, 105, 2, [223242, 810337]
economy : 9722483025, 75, 2, [201055, 873779]
business : 4807385331, 48, 2, [201055, 196459]
economy : 5025918270, 124, 5, [192751, 810337]
economy : 4639726532, 55, 1, [844881, 201055]
economy : 8749958429, 115, 3, [196459, 810337]
business : 5145235891, 153, 1, [810337, 196459]
economy : 8508527575, 97, 2, [196459, 223242]
business : 7746917538, 89, 1, [196459, 810337]
business : 5285485943, 159, 4, [873779, 844881]
economy : 1888217289, 169, 2, [571253, 810337]
economy : 8694818017, 49, 1, [873779, 844881]
economy : 7578375427, 115, 2, [844881, 223242]
economy : 7582276090, 133, 2, [370335, 873779]
economy : 2165564390, 76, 2, [370335, 223242]
business : 7826064163, 132, 7, [873779, 810337]
business : 4642352499, 171, 2, [196459, 370335]
economy : 8342625819, 57, 2, [571253, 873779]
economy : 6089843214, 62, 2, [196459, 201055]
economy : 2952754517, 159, 6, [223242, 201055]
business : 7047810016, 146, 1, [844881, 873779]
economy : 5045824167, 160, 9, [196459, 873779]
business : 1737530639, 181, 1, [223242, 810337]
business : 2009439211, 189, 1, [196459, 810337]
economy : 7709125346, 190, 1, [196459, 810337]
economy : 9002461589, 115, 1, [196459, 370335]
economy : 6175959820, 58, 4, [844881, 196459]
economy : 2153677914, 142, 7, [223242, 844881]
economy : 7443321464, 102, 2, [810337, 873779]
business : 7363804574, 156, 3, [201055, 810337]
business : 2436073343, 176, 2, [844881, 196459]
economy : 2846315673, 58, 4, [873779, 223242]
economy : 6243828859, 151, 9, [223242, 810337]
economy : 9705980615, 185, 0, [201055, 223242]
economy : 1704515021, 155, 9, [201055, 192751]
economy : 4958502970, 63, 2, [192751, 810337]
business : 6902139580, 188, 5, [810337, 873779]
business : 9950804807, 167, 8, [370335, 201055]
economy : 3046942437, 156, 2, [571253, 873779]
economy : 4104019807, 127, 1, [844881, 571253]
economy : 5049533494, 160, 4, [192751, 223242]
economy : 1435525688, 66, 3, [201055, 873779]
economy : 4751596681, 44, 4, [223242, 873779]
economy : 6959558028, 155, 9, [192751, 223242]
economy : 9769911188, 105, 1, [810337, 370335]
economy : 8020391915, 193, 0, [196459, 810337]
business : 4926418173, 200, 2, [196459, 192751]
business : 1974392486, 88, 1, [810337, 873779]
business : 8823569093, 149, 0, [844881, 571253]
economy : 7617853480, 107, 8, [810337, 201055]
economy : 5469391579, 53, 3, [196459, 223242]
economy : 4804115685, 191, 1, [192751, 810337]
economy : 7076544614, 81, 6, [196459, 844881]
economy : 2219497898, 119, 6, [370335, 192751]
economy : 7659970788, 149, 2, [201055, 873779]
business : 5838079204, 140, 1, [196459, 873779]
economy : 8475144147, 182, 2, [571253, 844881]
economy : 5269677300, 74, 0, [844881, 192751]
economy : 8873875966, 104, 1, [571253, 810337]
economy : 3188768184, 47, 2, [571253, 223242]
economy : 2505839715, 158, 8, [810337, 201055]
economy : 1080189565, 130, 0, [223242, 810337]
business : 6925245819, 143, 2, [201055, 873779]
economy : 1864061022, 199, 2, [844881, 192751]
economy : 3172669719, 44, 1, [192751, 223242]
business : 9103048454, 98, 2, [192751, 810337]
economy : 2261061384, 115, 1, [196459, 370335]
business : 2020729691, 127, 2, [201055, 810337]
economy : 8250150789, 61, 8, [201055, 192751]
business : 2551546704, 122, 1, [370335, 192751]
business : 7490592944, 48, 0, [223242, 196459]
economy : 8673806142, 145, 2, [571253, 223242]
economy : 1282374988, 124, 3, [873779, 370335]
economy : 9555480063, 114, 1, [810337, 223242]
business : 2717630570, 155, 2, [223242, 192751]
economy : 2965919137, 129, 0, [571253, 223242]
economy : 8627641422, 99, 2, [844881, 810337]
economy : 8221541201, 114, 1, [810337, 873779]
economy : 1974224578, 43, 2, [370335, 223242]
economy : 4193536306, 177, 2, [844881, 370335]
economy : 6214907317, 120, 4, [223242, 571253]
economy : 2430754912, 86, 1, [571253, 810337]
economy : 1038745984, 199, 2, [223242, 192751]
business : 3802164284, 112, 1, [223242, 370335]
economy : 8184157051, 200, 10, [192751, 810337]
economy : 6650499349, 50, 1, [844881, 196459]
business : 8138047677, 49, 1, [571253, 370335]
economy : 2004548425, 168, 2, [873779, 844881]
economy : 7217560751, 191, 3, [370335, 873779]
economy : 5488936126, 129, 0, [873779, 223242]
business : 1477758788, 83, 2, [873779, 370335]
economy : 1752066341, 53, 2, [873779, 201055]
first : 4510105635, 40, 1, [844881, 810337]
business : 7846453003, 46, 1, [571253, 810337]
business : 9964797816, 104, 2, [223242, 196459]
business : 5905276821, 95, 10, [810337, 370335]
economy : 8494058452, 97, 0, [571253, 192751]
economy : 3958468837, 99, 10, [223242, 810337]
business : 7713442047, 135, 10, [844881, 873779]
economy : 1125232201, 46, 1, [201055, 192751]
business : 2987381109, 147, 1, [810337, 196459]
economy : 5641168632, 133, 2, [571253, 201055]
economy : 4655944369, 198, 2, [192751, 873779]
economy : 2986802540, 103, 7, [192751, 223242]
business : 2314312841, 50, 0, [571253, 810337]
economy : 6622191229, 163, 3, [223242, 810337]
business : 5536279471, 87, 1, [192751, 873779]
economy : 7377113342, 114, 1, [844881, 873779]
business : 8101644188, 73, 7, [192751, 873779]
economy : 1719648278, 190, 3, [192751, 810337]
business : 4776634362, 173, 1, [810337, 571253]
business : 9717504857, 87, 7, [223242, 370335]
economy : 4014143564, 154, 3, [192751, 196459]
first : 9256391489, 187, 1, [223242, 571253]
economy : 4103991022, 65, 0, [844881, 810337]
economy : 5796337933, 111, 1, [571253, 873779]
business : 5969401781, 126, 1, [201055, 192751]
business : 7053995068, 61, 1, [370335, 192751]
business : 1061043722, 179, 1, [873779, 196459]
business : 1249301086, 192, 2, [873779, 201055]
economy : 9053569600, 111, 2, [571253, 810337]
economy : 4707910304, 174, 1, [810337, 223242]
business : 5935272356, 101, 1, [192751, 810337]
economy : 1760786593, 94, 2, [370335, 196459]
economy : 7092830334, 184, 8, [201055, 571253]
economy : 7530916179, 145, 2, [571253, 844881]
economy : 4880177147, 52, 1, [873779, 196459]
economy : 5013961350, 121, 7, [844881, 196459]
economy : 9242563580, 122, 2, [844881, 192751]
economy : 1833467136, 138, 2, [223242, 370335]
business : 6239044561, 102, 0, [844881, 192751]
economy : 6964500799, 50, 2, [810337, 844881]
business : 7103453595, 109, 1, [844881, 370335]
economy : 4054237021, 96, 2, [873779, 810337]
economy : 1894843524, 132, 1, [810337, 873779]
economy : 3949278602, 73, 0, [370335, 873779]
economy : 4164937314, 72, 2, [201055, 810337]
business : 6365705165, 182, 1, [810337, 370335]
economy : 1729214757, 151, 0, [810337, 844881]
business : 7074814723, 149, 4, [196459, 844881]
economy : 7502508712, 77, 5, [844881, 873779]
economy : 7353497592, 145, 2, [571253, 192751]
economy : 8493058297, 166, 4, [201055, 873779]
business : 7281829244, 97, 2, [192751, 810337]
business : 5887033503, 163, 2, [223242, 370335]
economy : 2087686676, 86, 1, [192751, 370335]
economy : 4087284033, 98, 1, [196459, 844881]
economy : 7609375812, 157, 0, [810337, 223242]
business : 2976560638, 155, 3, [192751, 810337]
economy : 9866835624, 54, 2, [873779, 192751]
economy : 4887191494, 169, 9, [571253, 201055]
business : 1411808069, 110, 2, [873779, 571253]
economy : 3180774313, 60, 6, [223242, 201055]
economy : 5286995380, 146, 0, [844881, 370335]
economy : 3530180277, 134, 1, [223242, 810337]
economy : 6288009675, 90, 1, [810337, 201055]
economy : 3777634707, 59, 4, [370335, 223242]
business : 3431706101, 185, 2, [873779, 196459]
business : 4382618167, 75, 2, [201055, 810337]
economy : 1510163041, 128, 2, [571253, 196459]
economy : 1919648009, 80, 1, [223242, 370335]
economy : 9134873954, 109, 0, [223242, 201055]
economy : 5638413045, 195, 3, [201055, 223242]
economy : 9501925984, 47, 3, [223242, 873779]
economy : 8182465110, 149, 0, [201055, 196459]
economy : 5200044732, 155, 1, [844881, 192751]
economy : 3175232938, 80, 2, [201055, 196459]
economy : 5623217228, 87, 4, [370335, 223242]
economy : 7714860269, 44, 6, [223242, 873779]
economy : 5546210966, 139, 6, [571253, 192751]
economy : 8355424062, 124, 2, [192751, 810337]
business : 7323138276, 167, 3, [873779, 571253]
economy : 2410898226, 123, 8, [196459, 370335]
economy : 2070641098, 156, 1, [196459, 370335]
business : 2145308819, 59, 1, [370335, 873779]
economy : 5391788724, 50, 1, [201055, 192751]
economy : 3455687296, 78, 2, [844881, 810337]
economy : 2927769855, 190, 1, [873779, 810337]
economy : 6900990238, 114, 2, [844881, 223242]
economy : 3731423961, 181, 0, [370335, 571253]
economy : 8940853105, 128, 3, [223242, 196459]
economy : 6418123264, 168, 5, [571253, 370335]
economy : 7831098023, 148, 0, [223242, 192751]
business : 4801511182, 103, 2, [192751, 873779]
economy : 2696764599, 148, 2, [844881, 201055]
economy : 8040793426, 42, 5, [844881, 873779]
economy : 2392035293, 100, 1, [201055, 873779]
business : 1051085979, 92, 7, [571253, 844881]
economy : 5316211452, 101, 1, [810337, 201055]
economy : 8522082355, 90, 3, [844881, 873779]
economy : 3344248765, 43, 1, [810337, 844881]
economy : 8197200155, 155, 6, [844881, 571253]
economy : 2563954677, 89, 1, [201055, 223242]
business : 7922017699, 54, 2, [810337, 370335]
business : 4545173619, 69, 0, [201055, 844881]
economy : 1145700611, 102, 1, [223242, 571253]
economy : 9701707214, 79, 7, [571253, 196459]
economy : 5465109137, 192, 1, [201055, 223242]
economy : 2316215442, 188, 10, [571253, 810337]
business : 9140667594, 127, 10, [192751, 223242]
business : 2487105087, 138, 1, [810337, 844881]
economy : 4515449190, 195, 2, [873779, 196459]
business : 7412519890, 156, 1, [873779, 810337]
economy : 8759385612, 109, 1, [873779, 370335]
economy : 6363038627, 40, 0, [810337, 370335]
economy : 6429159247, 101, 1, [370335, 201055]
economy : 5413196783, 130, 2, [192751, 873779]
economy : 9929494539, 68, 3, [810337, 571253]
economy : 9191448020, 159, 8, [201055, 873779]
economy : 8448080317, 112, 0, [192751, 196459]
business : 2608560368, 79, 1, [201055, 810337]
business : 4222163337, 142, 2, [223242, 370335]
business : 5183428204, 106, 2, [223242, 873779]
economy : 2213208679, 185, 2, [192751, 571253]
business : 8811210603, 135, 0, [873779, 223242]
business : 8996140649, 128, 0, [571253, 810337]
economy : 1834609916, 188, 0, [196459, 810337]
economy : 2593857887, 160, 0, [873779, 370335]
economy : 6844148895, 145, 2, [201055, 571253]
business : 7597167438, 97, 1, [192751, 844881]
economy : 3832726613, 159, 1, [196459, 571253]
economy : 3878769854, 62, 7, [571253, 370335]
economy : 5920328841, 40, 1, [192751, 571253]
economy : 5577294748, 153, 2, [571253, 844881]
economy : 8852577897, 97, 1, [192751, 873779]
business : 5375849789, 60, 6, [844881, 201055]
economy : 4024977114, 124, 0, [571253, 844881]
economy : 9741061541, 100, 1, [844881, 192751]
business : 5139938183, 109, 2, [201055, 370335]
economy : 1996620533, 176, 1, [196459, 873779]
economy : 1342441396, 181, 3, [192751, 370335]
economy : 7445573430, 94, 0, [873779, 196459]
business : 7228622121, 200, 1, [192751, 571253]
economy : 5757340155, 166, 0, [810337, 370335]
economy : 6201921795, 79, 1, [196459, 571253]
economy : 3227415232, 140, 1, [810337, 196459]
economy : 2655981281, 154, 1, [571253, 873779]
economy : 9190377587, 135, 2, [844881, 192751]
economy : 2800760037, 175, 2, [201055, 370335]
economy : 8065822993, 116, 10, [196459, 873779]
economy : 5942013495, 161, 7, [223242, 571253]
economy : 5573078070, 98, 5, [192751, 873779]
economy : 2495723538, 182, 2, [196459, 571253]
economy : 4286690664, 174, 7, [196459, 223242]
economy : 4206239313, 147, 1, [844881, 873779]
economy : 1889091821, 177, 3, [810337, 223242]
economy : 1556419254, 198, 2, [873779, 810337]
economy : 9726154667, 160, 2, [810337, 571253]
business : 4719973560, 137, 9, [844881, 873779]
business : 8674634771, 70, 2, [223242, 201055]
economy : 8961662743, 78, 1, [223242, 571253]
business : 1573000671, 134, 2, [571253, 223242]
economy : 7065456922, 142, 0, [873779, 810337]
economy : 7020262990, 85, 0, [810337, 873779]
economy : 1805554667, 139, 4, [192751, 370335]
economy : 2036485406, 55, 5, [571253, 370335]
economy : 4155916522, 109, 4, [192751, 844881]
business : 7688500646, 81, 0, [844881, 370335]
economy : 5811021753, 142, 9, [196459, 201055]
business : 5087987688, 62, 1, [201055, 196459]
business : 2196321520, 51, 0, [223242, 844881]
economy : 5753380897, 110, 10, [571253, 370335]
economy : 9852648756, 113, 2, [192751, 223242]
economy : 4613248255, 76, 2, [201055, 571253]
economy : 5385457429, 117, 1, [844881, 370335]
economy : 7249718446, 58, 2, [571253, 223242]
economy : 3606493317, 86, 1, [873779, 223242]
economy : 5224794836, 121, 1, [223242, 810337]
economy : 5401659517, 165, 2, [810337, 201055]
business : 3052915210, 109, 2, [810337, 873779]
economy : 2125628382, 123, 3, [370335, 192751]
economy : 9507213457, 89, 3, [192751, 873779]
economy : 3427851208, 95, 6, [201055, 810337]
business : 4133133777, 133, 0, [201055, 571253]
economy : 8726106501, 107, 1, [370335, 810337]
economy : 6883552353, 119, 6, [192751, 201055]
economy : 2304124437, 145, 2, [201055, 873779]
economy : 3241672178, 176, 1, [571253, 873779]
economy : 7079169407, 92, 1, [223242, 201055]
economy : 7040669567, 199, 1, [192751, 196459]
business : 2745202250, 124, 3, [370335, 201055]
economy : 9373072255, 80, 2, [370335, 192751]
economy : 1994011092, 192, 3, [873779, 370335]
economy : 1905401219, 58, 0, [223242, 196459]
economy : 5908637508, 68, 1, [201055, 873779]
economy : 8708604426, 43, 0, [196459, 873779]
economy : 6379004137, 192, 1, [844881, 201055]
economy : 5912761747, 116, 0, [192751, 196459]
economy : 9638487784, 151, 0, [201055, 192751]
economy : 9262372797, 131, 0, [810337, 571253]
economy : 7621341187, 95, 2, [844881, 571253]
economy : 5386309359, 188, 3, [196459, 223242]
business : 8111145316, 155, 2, [571253, 844881]
economy : 1108137015, 57, 2, [873779, 196459]
economy : 6043231587, 56, 2, [201055, 192751]
economy : 2578864401, 90, 2, [196459, 223242]
economy : 8873012030, 46, 2, [196459, 370335]
business : 2565010531, 106, 1, [192751, 201055]
economy : 6108849446, 166, 6, [873779, 201055]
economy : 1965363220, 145, 1, [810337, 201055]
economy : 6618731076, 149, 1, [844881, 196459]
business : 2574356312, 167, 1, [844881, 370335]
business : 6927684390, 143, 2, [571253, 192751]
economy : 9851815494, 120, 1, [223242, 571253]
economy : 5684089721, 158, 2, [201055, 844881]
economy : 8564006826, 64, 8, [873779, 223242]
business : 4202623342, 181, 1, [810337, 370335]
economy : 5327227181, 64, 2, [223242, 873779]
economy : 9778763708, 99, 3, [844881, 192751]
economy : 7402565664, 113, 0, [810337, 192751]
business : 3370706708, 115, 2, [810337, 844881]
economy : 7691542647, 93, 1, [810337, 844881]
economy : 3891920690, 196, 3, [196459, 223242]
economy : 1505493490, 107, 10, [196459, 223242]
economy : 9264635033, 59, 10, [223242, 196459]
economy : 2966908762, 42, 9, [201055, 370335]
economy : 4617557625, 165, 4, [223242, 196459]
economy : 5012325252, 121, 9, [370335, 571253]
business : 9568328389, 43, 4, [196459, 223242]
economy : 8878961939, 162, 2, [873779, 571253]
economy : 7780535609, 175, 3, [201055, 873779]
business : 5702884499, 120, 10, [201055, 196459]
economy : 7661523430, 105, 0, [810337, 873779]
economy : 4769373804, 117, 10, [571253, 223242]
business : 4703107225, 146, 3, [370335, 571253]
economy : 8047519733, 63, 2, [873779, 223242]
economy : 3406644631, 132, 3, [810337, 844881]
economy : 8333197974, 50, 6, [810337, 192751]
economy : 7060992517, 108, 1, [844881, 196459]
economy : 8462137821, 184, 1, [192751, 844881]
business : 8116879850, 87, 2, [571253, 196459]
economy : 5215433886, 158, 0, [223242, 873779]
economy : 9313020293, 40, 1, [873779, 196459]
economy : 6324355720, 129, 3, [844881, 571253]
economy : 9822396059, 72, 2, [196459, 873779]
business : 3380325870, 196, 1, [844881, 192751]
business : 5612988213, 123, 1, [196459, 192751]
economy : 2292960018, 135, 2, [370335, 196459]
economy : 7542292275, 147, 1, [873779, 571253]
business : 1793462325, 103, 0, [201055, 192751]
economy : 3623604440, 176, 2, [223242, 370335]
economy : 2364303045, 46, 1, [223242, 844881]
business : 6004781876, 183, 4, [370335, 844881]
economy : 9483655074, 178, 1, [844881, 223242]
economy : 7172842707, 70, 1, [223242, 201055]
economy : 8680943798, 195, 1, [810337, 192751]
economy : 9884853116, 148, 5, [873779, 844881]
economy : 4734743548, 149, 1, [873779, 192751]
economy : 7463305689, 54, 2, [873779, 810337]
business : 9709579337, 152, 9, [844881, 201055]
economy : 1172093536, 112, 8, [844881, 192751]
economy : 3672296685, 181, 5, [873779, 370335]
economy : 1740680840, 118, 2, [192751, 844881]
economy : 9429683501, 138, 2, [223242, 571253]
business : 4232179830, 172, 1, [223242, 571253]
business : 3297911490, 84, 1, [196459, 201055]
business : 8403476008, 143, 1, [201055, 810337]
economy : 6181563668, 186, 3, [370335, 844881]
economy : 3711670924, 77, 1, [196459, 810337]
business : 9576018101, 64, 1, [571253, 196459]
economy : 8566283392, 104, 0, [196459, 844881]
luxury : 1961014434, 176, 2, [192751, 201055]
business : 8528551983, 147, 1, [844881, 873779]
economy : 8965933966, 90, 2, [192751, 844881]
business : 9137455229, 94, 1, [201055, 196459]
economy : 3223110174, 97, 1, [196459, 844881]
economy : 8279017589, 156, 2, [201055, 810337]
economy : 2547600660, 46, 3, [192751, 223242]
economy : 1185910630, 171, 2, [571253, 810337]
economy : 4154017000, 127, 0, [370335, 223242]
economy : 3380559940, 140, 2, [196459, 192751]
economy : 5013124878, 61, 4, [873779, 571253]
business : 2646041139, 71, 2, [192751, 844881]
economy : 9148064145, 96, 3, [370335, 223242]
economy : 3815837489, 93, 1, [810337, 192751]
economy : 4946373634, 122, 1, [873779, 201055]
economy : 1554334777, 131, 2, [844881, 571253]
business : 9967061779, 43, 2, [201055, 810337]
economy : 1706231832, 116, 1, [571253, 196459]
economy : 3191518891, 75, 1, [192751, 223242]
economy : 6159787411, 195, 2, [810337, 571253]
economy : 3054947136, 66, 3, [196459, 844881]
business : 2902036628, 141, 5, [571253, 873779]
business : 2131367891, 84, 1, [223242, 873779]
economy : 2978876958, 188, 2, [873779, 192751]
business : 5315884838, 157, 2, [571253, 192751]
economy : 3906282728, 82, 8, [223242, 810337]
economy : 6278175877, 168, 0, [192751, 571253]
economy : 3003194976, 111, 3, [571253, 196459]
economy : 6333197218, 162, 3, [201055, 873779]
economy : 1664813997, 180, 5, [873779, 223242]
economy : 8567102883, 151, 1, [196459, 192751]
economy : 8244466310, 105, 10, [223242, 370335]
economy : 5444455718, 159, 2, [810337, 223242]
economy : 8965887653, 161, 3, [196459, 223242]
business : 7781988399, 159, 2, [844881, 223242]
economy : 9052684536, 70, 0, [873779, 192751]
economy : 8894445208, 164, 1, [370335, 196459]
economy : 5867670733, 72, 1, [223242, 192751]
economy : 9980440763, 50, 2, [571253, 844881]
business : 9454558001, 117, 1, [844881, 873779]
economy : 7052945060, 120, 5, [196459, 571253]
economy : 1166595676, 179, 0, [873779, 192751]
economy : 4318930645, 143, 0, [370335, 844881]
economy : 1049108900, 173, 1, [844881, 571253]
economy : 3218276526, 103, 1, [844881, 223242]
economy : 9524255169, 72, 1, [196459, 192751]
economy : 6411188434, 86, 2, [223242, 844881]
economy : 2713507640, 170, 0, [370335, 201055]
business : 2938157723, 146, 2, [201055, 196459]
economy : 8680394049, 196, 1, [192751, 223242]
business : 5697145574, 97, 2, [810337, 370335]
economy : 3125864835, 81, 5, [873779, 844881]
business : 9232072861, 62, 3, [192751, 571253]
economy : 4807706625, 80, 1, [571253, 223242]
economy : 5291706988, 179, 1, [196459, 370335]
economy : 1784352899, 148, 0, [844881, 196459]
economy : 9715189323, 190, 2, [196459, 223242]
economy : 2277634628, 100, 3, [844881, 810337]
economy : 3160283693, 150, 9, [873779, 223242]
economy : 4631491092, 78, 5, [571253, 196459]
business : 1679972267, 48, 1, [196459, 873779]
economy : 6100532676, 113, 2, [844881, 810337]
economy : 8559796120, 45, 2, [223242, 844881]
economy : 9059831620, 172, 2, [223242, 873779]
business : 8218025802, 56, 1, [201055, 571253]
economy : 3716524558, 74, 1, [223242, 844881]
economy : 9429349706, 69, 2, [223242, 571253]
economy : 8322277924, 81, 1, [223242, 201055]
economy : 7746981380, 132, 1, [196459, 201055]
business : 5929265283, 145, 4, [810337, 844881]
economy : 1997278659, 63, 1, [571253, 810337]
economy : 1357841948, 173, 2, [192751, 223242]
business : 9154069987, 146, 2, [196459, 873779]
economy : 2404786618, 171, 1, [201055, 571253]
economy : 1136915272, 199, 2, [201055, 370335]
economy : 5784951493, 56, 2, [810337, 201055]
business : 9805210442, 122, 9, [370335, 844881]
economy : 3171863331, 102, 1, [873779, 571253]
economy : 7716890628, 94, 2, [196459, 223242]
business : 8352250791, 94, 1, [370335, 192751]
economy : 1343062436, 41, 9, [571253, 810337]
economy : 3158326645, 179, 0, [571253, 370335]
business : 2078024245, 195, 3, [201055, 571253]
business : 4611972926, 164, 1, [571253, 844881]
economy : 6836535904, 181, 1, [192751, 370335]
economy : 2925856012, 153, 5, [370335, 571253]
economy : 2769305696, 90, 0, [196459, 844881]
business : 6957383691, 170, 1, [370335, 201055]
economy : 5848726655, 51, 4, [192751, 223242]
economy : 2768141943, 157, 1, [844881, 873779]
economy : 5473062890, 66, 1, [192751, 810337]
economy : 1336104130, 46, 1, [223242, 370335]
economy : 6452253973, 111, 5, [223242, 196459]
economy : 1404901576, 91, 10, [196459, 571253]
economy : 7467793582, 63, 3, [196459, 201055]
economy : 8178593917, 182, 2, [196459, 810337]
economy : 9324896534, 109, 1, [810337, 223242]
economy : 4377490370, 178, 2, [844881, 873779]
economy : 9434195804, 114, 7, [571253, 196459]
economy : 8168275387, 177, 2, [192751, 844881]
economy : 4636203321, 185, 2, [571253, 810337]
economy : 6249589724, 161, 1, [810337, 196459]
business : 1757539650, 189, 0, [201055, 370335]
economy : 6159957956, 57, 0, [192751, 810337]
economy : 6420592378, 88, 1, [810337, 223242]
economy : 5491812615, 112, 5, [223242, 201055]
economy : 3266713663, 45, 3, [192751, 873779]
economy : 7999743797, 110, 6, [844881, 196459]
economy : 8692648726, 176, 3, [370335, 201055]
economy : 8250981930, 151, 2, [571253, 844881]
economy : 3548012488, 109, 1, [810337, 873779]
economy : 7971952672, 182, 4, [370335, 196459]
economy : 7102190448, 59, 1, [873779, 223242]
economy : 6698580148, 164, 3, [223242, 810337]
economy : 3041440996, 178, 7, [370335, 201055]
economy : 4564689699, 66, 2, [571253, 844881]
business : 7778026651, 55, 1, [223242, 192751]
economy : 2879339958, 129, 4, [192751, 844881]
economy : 4889582698, 189, 1, [571253, 192751]
economy : 5107737223, 170, 2, [196459, 223242]
economy : 9876750413, 128, 5, [192751, 201055]
economy : 1424913955, 179, 4, [370335, 192751]
first : 8054667995, 138, 1, [201055, 370335]
economy : 1251662582, 80, 5, [201055, 196459]
economy : 2914717548, 128, 2, [201055, 370335]
business : 5845063561, 112, 0, [201055, 844881]
economy : 1512075505, 88, 3, [196459, 844881]
business : 9428243045, 125, 2, [370335, 196459]
economy : 3334694629, 122, 0, [370335, 196459]
business : 8876769549, 151, 3, [571253, 844881]
economy : 3916260735, 111, 6, [192751, 873779]
economy : 1054910241, 169, 0, [196459, 201055]
business : 7420499037, 137, 3, [571253, 223242]
economy : 9238324065, 186, 2, [223242, 370335]
business : 3617653539, 68, 5, [370335, 192751]
business : 8698674762, 67, 2, [873779, 810337]
business : 3067418273, 88, 1, [370335, 201055]
economy : 8593352194, 156, 1, [192751, 196459]
economy : 7703704786, 121, 0, [844881, 192751]
economy : 7324552646, 139, 1, [873779, 192751]
economy : 2406250062, 187, 2, [370335, 844881]
business : 6138407007, 133, 1, [571253, 196459]
economy : 9099092644, 66, 2, [873779, 370335]
economy : 3417237804, 60, 3, [223242, 873779]
economy : 6169994528, 175, 4, [873779, 370335]
business : 3981749267, 153, 6, [810337, 201055]
economy : 2115750242, 159, 2, [223242, 810337]
business : 5853666142, 71, 2, [873779, 844881]
economy : 7912434744, 46, 1, [370335, 223242]
economy : 9724127684, 106, 0, [873779, 844881]
economy : 9078960534, 130, 0, [196459, 192751]
economy : 5916285521, 96, 1, [873779, 201055]
business : 6706049209, 41, 1, [571253, 370335]
economy : 2889122179, 110, 7, [196459, 370335]
economy : 7550339066, 83, 10, [844881, 571253]
first : 6892485230, 152, 1, [844881, 196459]
economy : 4102744784, 77, 1, [196459, 370335]
business : 7449701460, 198, 0, [873779, 370335]
business : 9872569018, 76, 1, [192751, 223242]
economy : 7108300744, 178, 1, [873779, 370335]
economy : 1762629513, 176, 1, [223242, 571253]
economy : 9566659122, 131, 1, [810337, 844881]
economy : 8343103635, 42, 1, [844881, 810337]
economy : 9025248490, 87, 2, [844881, 370335]
economy : 2085575336, 48, 2, [201055, 810337]
economy : 6069739258, 109, 7, [571253, 370335]
economy : 5444174189, 44, 2, [201055, 844881]
economy : 4165030402, 123, 9, [873779, 192751]
economy : 3893173851, 60, 1, [810337, 196459]
economy : 7073941072, 73, 2, [370335, 201055]
economy : 4594760912, 195, 10, [192751, 196459]
economy : 6067716576, 146, 2, [844881, 370335]
business : 7069390936, 88, 1, [192751, 844881]
business : 5645885135, 51, 1, [810337, 571253]
economy : 1673770311, 141, 0, [370335, 810337]
economy : 4771584057, 172, 1, [844881, 873779]
business : 9395760362, 99, 0, [844881, 192751]
economy : 9471710620, 185, 0, [370335, 192751]
business : 9535652209, 50, 1, [810337, 223242]
economy : 1576752940, 180, 4, [201055, 810337]
economy : 2930205305, 113, 3, [196459, 192751]
economy : 5400521334, 92, 2, [370335, 192751]
economy : 8630962554, 78, 3, [370335, 223242]
business : 8188830363, 56, 0, [201055, 571253]
economy : 3387356235, 77, 0, [201055, 873779]
business : 9690707852, 52, 6, [844881, 201055]
economy : 9639595898, 178, 2, [873779, 370335]
business : 9090357669, 114, 2, [223242, 844881]
economy : 9670734314, 77, 2, [196459, 844881]
economy : 5897635782, 44, 3, [810337, 196459]
business : 5240199380, 133, 0, [223242, 844881]
economy : 5610002770, 190, 5, [810337, 571253]
business : 6780059845, 95, 0, [873779, 192751]
economy : 1872497501, 152, 1, [196459, 370335]
economy : 1856520566, 146, 2, [223242, 873779]
economy : 2516232927, 117, 1, [370335, 873779]
economy : 9600520846, 110, 1, [192751, 196459]
economy : 1723763985, 67, 3, [844881, 873779]
economy : 3037402986, 156, 10, [873779, 810337]
economy : 7153196132, 144, 2, [810337, 370335]
business : 1130043886, 58, 6, [370335, 192751]
economy : 1750797676, 109, 2, [201055, 844881]
economy : 2070175985, 182, 2, [370335, 223242]
economy : 1981646245, 83, 3, [196459, 810337]
business : 4931922229, 120, 0, [223242, 370335]
economy : 1104426067, 151, 0, [873779, 370335]
economy : 3770280702, 163, 0, [873779, 810337]
economy : 9337758137, 41, 1, [196459, 201055]
economy : 6442322058, 47, 1, [196459, 810337]
economy : 7783465017, 171, 4, [810337, 370335]
economy : 3514636279, 84, 1, [201055, 192751]
economy : 7389883387, 48, 0, [223242, 844881]
economy : 4881696447, 40, 1, [192751, 810337]
economy : 8176396214, 125, 3, [223242, 201055]
business : 5380775590, 77, 0, [873779, 370335]
economy : 9989586303, 74, 10, [844881, 201055]
economy : 9495553155, 76, 0, [201055, 370335]
economy : 9500093496, 45, 3, [196459, 571253]
economy : 8459668365, 193, 0, [370335, 196459]
economy : 7055349168, 135, 4, [873779, 201055]
economy : 4032377372, 182, 1, [873779, 370335]
economy : 6358458469, 133, 2, [201055, 873779]
economy : 3970954235, 133, 3, [873779, 844881]
business : 8470435481, 93, 3, [223242, 201055]
business : 6297533570, 133, 1, [873779, 844881]
economy : 3183990004, 50, 4, [810337, 873779]
economy : 3186967087, 138, 0, [873779, 192751]
business : 6919618602, 198, 4, [192751, 196459]
business : 3934038082, 41, 0, [223242, 844881]
economy : 9085331904, 127, 10, [810337, 571253]
economy : 5301185878, 54, 0, [370335, 810337]
business : 7585946757, 183, 1, [873779, 571253]
business : 8310537664, 88, 1, [873779, 196459]
economy : 3754278113, 135, 2, [370335, 810337]
economy : 7616025983, 48, 1, [810337, 223242]
economy : 8300489081, 117, 2, [810337, 873779]
economy : 9388206504, 151, 1, [196459, 571253]
economy : 3572306764, 41, 4, [844881, 201055]
business : 6933514900, 80, 2, [192751, 844881]
economy : 7766387770, 140, 3, [223242, 196459]
economy : 9816384516, 200, 3, [196459, 201055]
business : 2612689525, 133, 7, [810337, 192751]
economy : 9066722181, 183, 2, [844881, 873779]
economy : 6968454318, 60, 1, [223242, 370335]
economy : 8085150245, 165, 3, [223242, 571253]
economy : 1848847450, 109, 2, [370335, 810337]
business : 4930716966, 79, 4, [196459, 810337]
economy : 2730623254, 60, 3, [223242, 192751]
business : 9365499667, 169, 1, [192751, 223242]
business : 6702128676, 103, 2, [196459, 873779]
economy : 7214823242, 99, 1, [223242, 810337]
economy : 6804344767, 134, 2, [192751, 873779]
economy : 5249133011, 59, 1, [370335, 192751]
economy : 3664625918, 78, 2, [844881, 873779]
economy : 7543471185, 100, 6, [196459, 370335]
business : 2776404177, 197, 4, [844881, 810337]
economy : 8653088315, 173, 1, [192751, 810337]
business : 4301805748, 65, 0, [201055, 223242]
economy : 2724119459, 138, 1, [844881, 370335]
economy : 3549457261, 184, 1, [844881, 571253]
economy : 3244788409, 176, 1, [844881, 873779]
first : 4736194072, 63, 0, [196459, 873779]
business : 5636106718, 150, 3, [370335, 201055]
business : 7310535507, 96, 2, [844881, 192751]
economy : 4222853878, 107, 1, [873779, 370335]
economy : 6118471741, 93, 0, [201055, 844881]
economy : 7256742227, 138, 0, [223242, 873779]
business : 1194882951, 52, 9, [873779, 571253]
economy : 6255745388, 82, 2, [196459, 192751]
business : 3097125281, 104, 2, [571253, 223242]
economy : 6151365473, 151, 1, [370335, 810337]
business : 8764139616, 143, 2, [192751, 223242]
economy : 5159690558, 140, 1, [223242, 192751]
economy : 7409901628, 199, 5, [571253, 201055]
business : 9887933952, 42, 1, [192751, 873779]
economy : 1746656943, 192, 1, [223242, 571253]
economy : 2034452987, 134, 1, [201055, 571253]
economy : 3347804370, 102, 1, [196459, 192751]
economy : 2435698168, 53, 1, [201055, 873779]
business : 1377318126, 169, 2, [223242, 201055]
business : 8045613859, 111, 5, [810337, 223242]
economy : 5883183183, 157, 6, [201055, 571253]
economy : 5863371526, 194, 4, [810337, 571253]
economy : 8995209283, 97, 4, [873779, 223242]
economy : 7982980585, 81, 1, [223242, 370335]
business : 5069138973, 136, 2, [810337, 201055]
business : 2416959459, 159, 5, [844881, 370335]
economy : 2120479490, 177, 1, [571253, 810337]
economy : 5385194302, 71, 3, [196459, 810337]
economy : 1331607688, 166, 2, [223242, 196459]
economy : 1841249594, 56, 3, [192751, 223242]
economy : 5768412166, 169, 2, [196459, 873779]
business : 2386557759, 91, 1, [370335, 844881]
business : 7313214554, 86, 0, [223242, 201055]
business : 4603668096, 127, 1, [844881, 192751]
economy : 8825935676, 49, 1, [370335, 571253]
economy : 9231593189, 40, 6, [571253, 370335]
economy : 9114107576, 186, 5, [201055, 873779]
business : 8225868289, 51, 1, [571253, 873779]
business : 5041873833, 111, 9, [223242, 192751]
business : 5713937227, 125, 1, [201055, 196459]
economy : 3172540524, 175, 2, [196459, 201055]
business : 5536572979, 130, 0, [873779, 223242]
economy : 4652579001, 120, 2, [196459, 844881]
economy : 5521202774, 83, 2, [571253, 196459]
economy : 7678588107, 47, 0, [196459, 810337]
economy : 5504877316, 46, 4, [844881, 192751]
business : 8278833594, 136, 8, [196459, 192751]
economy : 8342266701, 103, 10, [192751, 844881]
business : 7847753733, 165, 1, [201055, 192751]
economy : 6427388196, 189, 2, [196459, 223242]
business : 3292864968, 157, 2, [196459, 370335]
economy : 5292403369, 63, 0, [571253, 810337]
economy : 2481747712, 96, 1, [873779, 810337]
economy : 1912271776, 163, 1, [844881, 192751]
economy : 9944187629, 175, 8, [223242, 196459]
business : 6872381367, 197, 2, [196459, 810337]
economy : 8175723812, 154, 2, [844881, 192751]
business : 4300103274, 166, 5, [571253, 223242]
economy : 5425334351, 97, 2, [370335, 201055]
business : 2427008950, 141, 0, [370335, 196459]
economy : 7325932905, 53, 5, [571253, 196459]
business : 9684083993, 104, 3, [370335, 844881]
economy : 4271957011, 156, 4, [223242, 370335]
economy : 9575265504, 199, 4, [223242, 810337]
first : 8514293972, 105, 2, [844881, 571253]
economy : 6310019963, 54, 2, [571253, 370335]
economy : 4649872441, 114, 2, [873779, 571253]
economy : 8010250958, 45, 7, [370335, 196459]
business : 9676286407, 108, 3, [370335, 196459]
economy : 6672177063, 113, 2, [810337, 192751]
economy : 8772504101, 175, 1, [873779, 192751]
economy : 9815349161, 194, 8, [192751, 571253]
economy : 3459984479, 98, 3, [201055, 223242]
economy : 9344358774, 108, 2, [192751, 201055]
economy : 7489482399, 59, 0, [844881, 196459]
economy : 5448743131, 83, 5, [196459, 810337]
economy : 8006972255, 74, 2, [810337, 223242]
business : 4175493648, 103, 1, [873779, 844881]
business : 5013633134, 149, 0, [370335, 196459]
economy : 6795978555, 158, 2, [810337, 192751]
economy : 5921043604, 194, 3, [223242, 370335]
economy : 6653104109, 175, 1, [844881, 196459]
economy : 4554916742, 79, 2, [192751, 571253]
business : 6035774838, 156, 5, [873779, 370335]
business : 4313780668, 156, 2, [196459, 810337]
economy : 7287243995, 106, 2, [873779, 201055]
business : 8321456424, 48, 0, [571253, 223242]
economy : 1196635573, 77, 0, [196459, 370335]
business : 6636379344, 159, 0, [571253, 810337]
business : 5621599361, 143, 0, [873779, 223242]
business : 1802542009, 124, 2, [810337, 223242]
business : 5365355712, 153, 2, [873779, 810337]
economy : 3083059867, 147, 4, [844881, 873779]
economy : 7554618372, 70, 7, [370335, 810337]
economy : 6211839135, 188, 2, [201055, 192751]
economy : 2232863363, 108, 2, [223242, 192751]
economy : 3980898551, 160, 2, [192751, 223242]
business : 3576749183, 69, 0, [571253, 192751]
economy : 6676440440, 43, 5, [810337, 873779]
economy : 7626233505, 142, 1, [873779, 223242]
business : 2802695791, 82, 3, [571253, 192751]
business : 1065020314, 154, 2, [201055, 223242]
business : 6418620441, 49, 2, [873779, 201055]
economy : 9668255287, 102, 2, [370335, 873779]
economy : 6573485695, 100, 1, [844881, 873779]
economy : 6523420851, 158, 0, [223242, 873779]
business : 9065992058, 133, 3, [873779, 223242]
economy : 6453376520, 146, 2, [196459, 844881]
first : 4472992719, 46, 2, [196459, 810337]
economy : 5473313311, 106, 1, [873779, 370335]
economy : 2576272762, 198, 6, [192751, 844881]
economy : 4220787072, 64, 1, [873779, 192751]
first : 6352091175, 172, 1, [370335, 192751]
economy : 8762827844, 199, 1, [370335, 196459]
business : 5559745061, 181, 3, [873779, 370335]
business : 4466825764, 77, 2, [571253, 370335]
business : 5118682067, 132, 1, [201055, 223242]
business : 3430030126, 159, 4, [196459, 844881]
economy : 4582119087, 199, 1, [196459, 370335]
business : 4925975111, 65, 8, [196459, 192751]
business : 9583000374, 188, 1, [201055, 844881]
economy : 4751064965, 67, 6, [810337, 873779]
economy : 8715106952, 120, 1, [192751, 370335]
economy : 2533631332, 165, 2, [810337, 370335]
economy : 7334038117, 180, 3, [196459, 873779]
business : 7848068621, 194, 1, [810337, 223242]
economy : 9304228174, 152, 4, [223242, 201055]
economy : 3320451181, 97, 1, [192751, 844881]
business : 7141981114, 191, 0, [201055, 196459]
economy : 8040995779, 143, 2, [873779, 196459]
economy : 9589624496, 146, 6, [201055, 370335]
economy : 7647236038, 161, 3, [223242, 844881]
economy : 4309083870, 132, 8, [810337, 196459]
business : 9226459890, 196, 7, [201055, 873779]
business : 7133612874, 137, 5, [223242, 873779]
economy : 3603532264, 50, 1, [873779, 844881]
economy : 7473814763, 152, 0, [192751, 571253]
economy : 4898533159, 137, 0, [844881, 571253]
economy : 7166889627, 164, 1, [196459, 873779]
economy : 4243942564, 200, 2, [201055, 192751]
economy : 6483780803, 170, 0, [571253, 810337]
economy : 6059616078, 92, 1, [571253, 201055]
economy : 3048791199, 68, 2, [844881, 571253]
business : 6676916081, 162, 0, [571253, 196459]
economy : 2865077134, 56, 3, [370335, 873779]
business : 2979935050, 98, 9, [192751, 370335]
economy : 5450651985, 145, 1, [192751, 223242]
business : 3347425274, 182, 1, [201055, 192751]
economy : 7492793474, 151, 1, [844881, 192751]
economy : 7059152363, 96, 0, [844881, 810337]
economy : 2898047809, 159, 5, [201055, 873779]
economy : 9971687559, 157, 2, [810337, 192751]
economy : 4623869603, 82, 7, [201055, 370335]
economy : 4787694037, 144, 1, [223242, 370335]
business : 1569327731, 195, 1, [810337, 223242]
business : 7727479370, 94, 1, [192751, 196459]
economy : 1205101710, 186, 1, [370335, 223242]
economy : 7316250115, 189, 0, [223242, 844881]
economy : 5060612159, 65, 4, [844881, 873779]
economy : 1988423210, 158, 1, [370335, 844881]
economy : 5616114167, 81, 2, [201055, 844881]
economy : 4753756168, 77, 2, [873779, 370335]
business : 2344137522, 124, 1, [571253, 223242]
economy : 7093833609, 60, 3, [192751, 370335]
economy : 5248183379, 66, 7, [370335, 201055]
economy : 4230976457, 71, 3, [201055, 370335]
economy : 4489130989, 128, 7, [571253, 370335]
economy : 5204137915, 88, 2, [196459, 571253]
economy : 3749570415, 101, 1, [370335, 571253]
economy : 6633636875, 166, 0, [844881, 192751]
economy : 5638721376, 94, 3, [223242, 810337]
business : 2970005630, 167, 1, [201055, 571253]
economy : 3279126741, 193, 0, [196459, 192751]
economy : 5393360903, 91, 1, [370335, 810337]
business : 5841793383, 59, 1, [571253, 201055]
business : 4713789467, 60, 1, [873779, 571253]
economy : 2664186530, 93, 3, [192751, 370335]
economy : 7499133395, 73, 2, [196459, 571253]
business : 6700340917, 123, 1, [192751, 223242]
economy : 2081112716, 73, 10, [810337, 223242]
economy : 3751697899, 185, 1, [192751, 571253]
business : 2534388912, 68, 2, [810337, 201055]
business : 3322511246, 186, 3, [571253, 873779]
economy : 4642261432, 179, 2, [873779, 810337]
economy : 8440971900, 92, 0, [810337, 201055]
economy : 5829131309, 109, 3, [223242, 370335]
business : 3963154980, 86, 1, [844881, 370335]
business : 4172450321, 119, 1, [196459, 873779]
economy : 4411534457, 152, 3, [223242, 873779]
economy : 5553268131, 180, 1, [196459, 223242]
business : 9729673972, 142, 2, [844881, 196459]
economy : 9757083518, 135, 2, [223242, 192751]
economy : 4863325327, 85, 10, [223242, 571253]
economy : 7677854581, 169, 1, [873779, 201055]
economy : 1717265055, 174, 1, [192751, 370335]
business : 2657054325, 170, 1, [192751, 844881]
economy : 2839273986, 103, 0, [370335, 571253]
economy : 2090942875, 71, 2, [873779, 370335]
business : 9820262756, 97, 10, [873779, 223242]
economy : 8143104089, 48, 9, [844881, 223242]
economy : 3852937963, 151, 3, [844881, 192751]
economy : 4494602158, 69, 0, [370335, 844881]
business : 2881319722, 94, 0, [192751, 810337]
economy : 2397071207, 86, 2, [192751, 223242]
economy : 1893818471, 125, 2, [370335, 844881]
business : 9935422289, 43, 1, [810337, 196459]
economy : 2480541917, 197, 3, [571253, 844881]
business : 7867774922, 173, 2, [192751, 196459]
economy : 1072252978, 161, 3, [571253, 370335]
economy : 5785983642, 96, 2, [201055, 810337]
economy : 1866297492, 121, 1, [370335, 196459]
economy : 5391776461, 192, 0, [223242, 571253]
business : 4790786612, 159, 2, [196459, 201055]
economy : 7060169569, 154, 1, [192751, 370335]
business : 7634571608, 195, 5, [223242, 201055]
business : 5354200553, 86, 0, [192751, 873779]
economy : 8639371475, 139, 1, [571253, 223242]
economy : 9858274373, 189, 0, [873779, 192751]
business : 1357102200, 116, 1, [370335, 223242]
business : 3291937680, 135, 2, [223242, 201055]
business : 2976847726, 171, 6, [810337, 873779]
business : 3830714954, 163, 1, [196459, 571253]
economy : 1173053324, 178, 5, [571253, 810337]
economy : 5983304758, 178, 2, [810337, 192751]
economy : 8932992745, 194, 1, [201055, 192751]
economy : 7076879869, 93, 2, [810337, 370335]
economy : 9995179513, 89, 9, [844881, 873779]
economy : 4298659562, 164, 2, [571253, 192751]
business : 7727608761, 44, 3, [370335, 810337]
economy : 4537431002, 190, 2, [810337, 201055]
economy : 2020827294, 148, 7, [192751, 810337]
economy : 1692080629, 60, 3, [370335, 810337]
business : 9369604568, 158, 0, [873779, 370335]
economy : 8262155801, 101, 1, [844881, 196459]
economy : 1279650733, 197, 0, [571253, 370335]
economy : 3074318795, 156, 3, [810337, 370335]
economy : 2032052834, 63, 0, [571253, 844881]
business : 2027048140, 200, 1, [370335, 844881]
economy : 1137379748, 66, 2, [370335, 844881]
economy : 3040290393, 101, 8, [810337, 196459]
economy : 7820485971, 163, 4, [571253, 192751]
business : 6200862657, 129, 1, [370335, 223242]
economy : 6420835671, 158, 1, [192751, 873779]
economy : 6878369529, 122, 2, [571253, 196459]
economy : 4409223456, 58, 3, [201055, 844881]
business : 6750078677, 131, 9, [571253, 844881]
business : 9186690431, 166, 10, [571253, 810337]
economy : 7094852497, 69, 0, [810337, 370335]
economy : 7143482413, 93, 0, [223242, 196459]
economy : 5866541324, 188, 0, [196459, 192751]
economy : 6891391377, 89, 3, [201055, 192751]
economy : 5475492978, 101, 7, [201055, 810337]
economy : 4803601500, 147, 6, [571253, 844881]
business : 6889304348, 177, 3, [201055, 873779]
economy : 4836079454, 142, 2, [571253, 810337]
economy : 7645446488, 103, 1, [571253, 196459]
economy : 3452393976, 179, 1, [201055, 873779]
economy : 3752483024, 73, 1, [873779, 192751]
business : 7804959987, 179, 2, [196459, 201055]
economy : 3144874234, 150, 0, [223242, 370335]
economy : 5506159758, 44, 2, [201055, 192751]
economy : 7979487704, 114, 1, [810337, 223242]
business : 6751983418, 156, 9, [192751, 370335]
economy : 1520476689, 62, 3, [192751, 223242]
economy : 8443254504, 148, 0, [810337, 844881]
economy : 2981061229, 121, 1, [201055, 571253]
economy : 8944352468, 75, 9, [370335, 810337]
economy : 7208449737, 181, 1, [201055, 196459]
economy : 5672735104, 85, 0, [201055, 844881]
economy : 4166921047, 73, 3, [873779, 192751]
business : 4235340726, 67, 0, [810337, 571253]
economy : 1513968660, 186, 2, [201055, 192751]
economy : 5957579273, 124, 0, [201055, 873779]
economy : 6956111259, 136, 2, [571253, 223242]
economy : 2968178561, 98, 1, [571253, 223242]
economy : 3277364153, 69, 0, [844881, 370335]
economy : 5906894521, 155, 2, [223242, 844881]
economy : 4577082588, 128, 2, [873779, 844881]
economy : 5647484718, 49, 1, [844881, 810337]
economy : 9539859292, 179, 3, [201055, 223242]
economy : 3571124429, 69, 9, [196459, 844881]
economy : 8465381266, 193, 2, [810337, 201055]
economy : 8851160121, 48, 10, [810337, 873779]
business : 5405868012, 178, 3, [370335, 201055]
economy : 6027475323, 105, 5, [192751, 844881]
economy : 8557828892, 198, 0, [192751, 844881]
economy : 5571003338, 127, 2, [370335, 844881]
economy : 9870442938, 44, 2, [873779, 192751]
economy : 5035598337, 112, 2, [844881, 223242]
business : 4343147572, 70, 2, [192751, 571253]
economy : 5268487319, 89, 1, [844881, 810337]
business : 5419236088, 60, 0, [370335, 192751]
economy : 9143319675, 86, 4, [810337, 370335]
economy : 7501097699, 63, 9, [196459, 201055]
economy : 4082467751, 112, 4, [571253, 223242]
economy : 4442526755, 113, 4, [196459, 370335]
business : 1804356429, 61, 9, [192751, 873779]
economy : 3022003400, 102, 1, [223242, 201055]
economy : 7764374735, 107, 2, [873779, 370335]
economy : 7449916704, 176, 2, [873779, 223242]
economy : 1119118490, 175, 2, [370335, 192751]
economy : 1192861020, 83, 5, [844881, 201055]
economy : 8562026290, 174, 1, [192751, 873779]
economy : 4997860639, 119, 0, [370335, 810337]
economy : 4230967857, 79, 1, [196459, 223242]
business : 9975786344, 58, 6, [873779, 844881]
economy : 5473217649, 41, 0, [571253, 873779]
business : 6749921509, 83, 2, [223242, 192751]
economy : 4991585549, 144, 6, [844881, 873779]
economy : 6826719779, 96, 2, [223242, 192751]
economy : 3918141760, 77, 1, [370335, 571253]
economy : 9679692031, 54, 7, [844881, 223242]
business : 7526059218, 81, 1, [370335, 571253]
economy : 7553016535, 146, 1, [844881, 873779]
business : 6613154241, 48, 2, [192751, 370335]
economy : 7189685637, 184, 8, [192751, 223242]
economy : 6713577209, 158, 3, [196459, 223242]
economy : 8856334840, 112, 2, [571253, 810337]
economy : 1493347556, 45, 1, [873779, 844881]
economy : 1141093313, 113, 6, [571253, 201055]
economy : 5258917118, 125, 1, [571253, 192751]
economy : 8067068730, 140, 3, [873779, 196459]
economy : 9379245661, 197, 9, [844881, 196459]
economy : 3451815913, 120, 9, [844881, 810337]
economy : 8898761703, 109, 5, [370335, 196459]
economy : 6242824925, 80, 2, [370335, 810337]
business : 8569068867, 123, 1, [844881, 196459]
business : 6657555002, 135, 1, [196459, 223242]
economy : 8665439721, 54, 0, [196459, 844881]
business : 2632362647, 100, 4, [201055, 571253]
economy : 9990378812, 181, 1, [571253, 844881]
economy : 8672426235, 143, 8, [201055, 571253]
first : 2721175538, 193, 2, [873779, 370335]
economy : 6996710114, 176, 3, [810337, 571253]
economy : 3202393213, 89, 6, [571253, 844881]
business : 8831154512, 167, 3, [810337, 873779]
first : 2431269932, 175, 6, [810337, 873779]
economy : 8169589973, 43, 6, [873779, 201055]
economy : 6966757300, 49, 1, [196459, 370335]
economy : 1921457065, 92, 1, [223242, 844881]
economy : 6232401259, 120, 1, [571253, 810337]
economy : 7977224276, 151, 5, [223242, 370335]
business : 9916076683, 198, 2, [196459, 201055]
economy : 6915555717, 151, 5, [196459, 223242]
business : 3662321672, 200, 0, [201055, 844881]
economy : 2456355766, 119, 1, [192751, 844881]
economy : 5606502951, 118, 3, [201055, 192751]
economy : 1790846965, 66, 0, [873779, 196459]
business : 4814717283, 139, 3, [201055, 196459]
economy : 1498251667, 58, 2, [810337, 873779]
economy : 2871992127, 145, 0, [223242, 571253]
business : 9882246665, 79, 2, [201055, 873779]
economy : 4342225880, 149, 4, [201055, 370335]
economy : 1821972910, 103, 3, [370335, 844881]
business : 3829132868, 154, 0, [844881, 196459]
economy : 8954065597, 75, 1, [223242, 844881]
economy : 9893171996, 74, 8, [571253, 844881]
economy : 5223744722, 116, 1, [201055, 223242]
economy : 7339281642, 72, 1, [571253, 192751]
economy : 4585252336, 169, 1, [370335, 571253]
economy : 1595633821, 137, 1, [201055, 873779]
economy : 8589894584, 173, 1, [844881, 223242]
business : 9438774314, 160, 1, [873779, 810337]
economy : 9260980814, 87, 3, [810337, 196459]
first : 5944809717, 115, 3, [571253, 223242]
economy : 3935373975, 199, 0, [196459, 223242]
economy : 1815760391, 42, 0, [571253, 196459]
economy : 9132786364, 163, 9, [223242, 201055]
business : 3196288193, 59, 2, [196459, 370335]
economy : 2242694708, 81, 2, [873779, 223242]
business : 9590651621, 152, 10, [196459, 192751]
business : 3497483096, 88, 1, [201055, 196459]
economy : 1344798983, 128, 2, [370335, 196459]
economy : 9071511102, 158, 10, [192751, 196459]
business : 3632222827, 85, 3, [844881, 192751]
economy : 3799557343, 57, 0, [873779, 196459]
business : 5398957701, 168, 0, [810337, 223242]
economy : 8410423114, 71, 4, [844881, 192751]
economy : 5784553092, 185, 0, [192751, 873779]
economy : 6824331787, 177, 1, [370335, 192751]
business : 4664959930, 98, 1, [192751, 873779]
economy : 7075599683, 81, 2, [873779, 201055]
economy : 6668195901, 170, 1, [223242, 370335]
economy : 5930416838, 190, 2, [192751, 571253]
business : 6808029219, 75, 2, [196459, 810337]
economy : 7466614216, 130, 8, [571253, 192751]
business : 8374558702, 181, 1, [370335, 223242]
business : 3255471420, 84, 2, [844881, 873779]
economy : 4843842170, 66, 2, [196459, 223242]
economy : 6467115166, 64, 1, [201055, 192751]
business : 1361638721, 78, 1, [844881, 223242]
first : 9753993054, 44, 1, [810337, 873779]
economy : 2445950271, 181, 0, [810337, 196459]
business : 5665686301, 190, 4, [201055, 844881]
first : 6175022984, 52, 0, [223242, 844881]
business : 2955920884, 45, 2, [192751, 873779]
economy : 9572040228, 95, 1, [196459, 201055]
economy : 9124102809, 166, 2, [370335, 196459]
economy : 2612282646, 156, 0, [873779, 370335]
economy : 1411000088, 109, 0, [370335, 810337]
economy : 1598627269, 153, 1, [192751, 370335]
economy : 8070817816, 161, 4, [873779, 844881]
economy : 7441919029, 175, 6, [201055, 571253]
economy : 5554566192, 101, 2, [873779, 201055]
economy : 9723323818, 119, 1, [223242, 844881]
economy : 5793355075, 187, 1, [223242, 810337]
economy : 4365797512, 118, 2, [196459, 844881]
economy : 7056727262, 77, 0, [223242, 571253]
economy : 8452254528, 136, 1, [223242, 370335]
business : 8692810884, 65, 1, [370335, 201055]
business : 6012976399, 119, 0, [873779, 810337]
business : 8710908684, 166, 0, [810337, 196459]
business : 3852663985, 166, 0, [571253, 844881]
economy : 3271357977, 42, 1, [810337, 571253]
economy : 3058099952, 83, 2, [192751, 810337]
economy : 8146960980, 109, 3, [192751, 370335]
economy : 7833800449, 145, 0, [873779, 844881]
business : 8786485842, 41, 1, [370335, 810337]
economy : 1294938866, 148, 4, [571253, 810337]
business : 1697749119, 198, 1, [192751, 571253]
economy : 1507346551, 103, 3, [223242, 873779]
first : 5561377492, 88, 2, [192751, 196459]
economy : 8946491819, 43, 5, [201055, 192751]
business : 5170793643, 67, 2, [223242, 873779]
economy : 1329378021, 143, 3, [223242, 201055]
economy : 2918140535, 113, 5, [844881, 192751]
economy : 1501525409, 122, 6, [571253, 223242]
economy : 6216689589, 47, 1, [201055, 844881]
economy : 6198862138, 129, 3, [873779, 810337]
economy : 3643647650, 193, 1, [873779, 844881]
economy : 9511549815, 143, 2, [223242, 201055]
economy : 7234472392, 182, 6, [196459, 810337]
business : 5949023199, 199, 3, [201055, 873779]
economy : 3387524911, 171, 1, [201055, 873779]
economy : 3552364866, 41, 0, [571253, 196459]
economy : 9060233210, 109, 0, [192751, 810337]
economy : 4802974459, 165, 5, [201055, 196459]
business : 4733994924, 102, 1, [196459, 844881]
economy : 2664968190, 111, 2, [223242, 370335]
business : 5736461924, 178, 3, [201055, 873779]
business : 8786973052, 158, 2, [844881, 810337]
economy : 1882207320, 185, 7, [571253, 223242]
economy : 4173994617, 143, 1, [201055, 196459]
economy : 8444577582, 41, 4, [370335, 873779]
economy : 7100029599, 116, 3, [873779, 571253]
business : 1264862223, 136, 1, [370335, 196459]
economy : 4684612118, 103, 6, [196459, 192751]
economy : 7097410866, 155, 2, [571253, 201055]
economy : 8606690558, 78, 2, [370335, 571253]
economy : 2461917735, 174, 1, [810337, 196459]
business : 7209934217, 86, 2, [873779, 192751]
economy : 7338076092, 44, 10, [571253, 370335]
business : 1459417694, 73, 2, [370335, 192751]
economy : 8594406221, 92, 2, [571253, 370335]
economy : 1299645417, 177, 2, [810337, 844881]
economy : 3721418091, 144, 3, [571253, 370335]
business : 7850330750, 150, 6, [370335, 223242]
economy : 1968851883, 108, 3, [370335, 873779]
