34 10 1253
11376 11835.0 16254 20952 6520
regional : 474496, -495, -688, 66.88, 119200, 4
major : 196824, -475, 991, 47.63, 214500, 6
hub : 467047, -1195, 1514, 47.08, 221400, 9
hub : 507084, 42, 62, 62.7, 264900, 8
major : 719270, 2440, -1156, 59.73, 126000, 8
regional : 383885, 1102, -418, 70.4, 137400, 5
regional : 664851, 724, -839, 103.95, 146200, 5
hub : 238206, -620, 476, 47.74, 285000, 10
regional : 901684, -2998, -960, 97.9, 132200, 6
hub : 856368, -1740, 574, 64.24, 269100, 15
business : 9715818016, 198, 1, [856368, 467047, 238206]
economy : 3238979694, 52, 1, [901684, 474496, 196824, 383885]
economy : 3405376331, 78, 0, [467047, 507084, 664851, 474496]
economy : 2213327285, 131, 3, [238206, 196824, 383885]
business : 2813831525, 132, 2, [507084, 719270, 238206]
economy : 5136717988, 86, 3, [719270, 856368]
economy : 4551886735, 47, 3, [901684, 474496, 383885, 719270]
economy : 6424934508, 49, 1, [196824, 664851, 238206, 901684]
first : 5453094079, 186, 3, [383885, 474496]
business : 2119913375, 195, 6, [664851, 507084, 383885]
economy : 9437648059, 128, 7, [901684, 856368, 467047, 196824]
economy : 4347883174, 42, 5, [719270, 383885, 507084]
business : 1139208430, 54, 3, [901684, 383885, 238206]
business : 8121824959, 199, 6, [901684, 383885]
economy : 4406903166, 76, 0, [196824, 467047]
economy : 1963676099, 58, 0, [474496, 507084]
economy : 6568560817, 79, 0, [238206, 901684, 856368]
economy : 2584132574, 158, 7, [196824, 467047]
economy : 3076854374, 82, 5, [856368, 901684]
economy : 1775979081, 108, 0, [719270, 507084]
economy : 2048555901, 50, 1, [901684, 664851, 474496]
economy : 2368943773, 145, 0, [196824, 719270]
economy : 3098251893, 150, 1, [196824, 856368, 664851]
economy : 8795623538, 147, 1, [507084, 238206, 856368]
economy : 6117851848, 45, 3, [719270, 196824, 383885]
economy : 9240353337, 58, 0, [507084, 383885]
economy : 7145685506, 99, 2, [238206, 719270, 474496]
first : 2128042983, 82, 2, [856368, 474496]
business : 9461083589, 138, 2, [196824, 383885, 856368, 238206]
business : 8887162420, 62, 6, [467047, 474496, 507084, 901684]
business : 3704281091, 112, 2, [664851, 383885]
economy : 8987463554, 152, 4, [719270, 238206, 664851]
economy : 2266840399, 100, 5, [901684, 238206, 196824]
economy : 7215895381, 194, 4, [467047, 474496, 664851, 507084]
economy : 6976710182, 166, 0, [383885, 719270]
economy : 4998550759, 132, 2, [719270, 507084, 383885, 196824]
economy : 9126145420, 58, 0, [467047, 664851, 474496, 507084]
economy : 9355316672, 67, 1, [507084, 856368, 901684]
economy : 7913450217, 50, 2, [856368, 474496, 196824]
economy : 1204036357, 196, 4, [196824, 664851]
business : 3764722717, 98, 1, [196824, 474496, 238206]
business : 2938213962, 86, 1, [238206, 856368]
economy : 4985908061, 71, 2, [507084, 467047]
economy : 9518955185, 158, 10, [383885, 238206]
business : 5975785777, 77, 2, [474496, 856368, 196824, 383885]
economy : 1881945729, 97, 1, [901684, 719270, 467047, 664851]
economy : 8860015459, 191, 0, [238206, 507084, 474496, 664851]
economy : 1979466293, 82, 2, [901684, 719270, 474496]
business : 4016806794, 109, 1, [901684, 238206]
economy : 1454746763, 191, 2, [719270, 383885, 901684, 664851]
economy : 7116785291, 123, 2, [664851, 507084, 901684, 196824]
economy : 5129056773, 43, 0, [664851, 901684]
economy : 1788615463, 172, 1, [719270, 901684, 196824]
economy : 5346787752, 112, 1, [196824, 474496]
economy : 4044619078, 139, 1, [196824, 856368, 664851, 507084]
business : 1897750804, 93, 10, [901684, 474496, 196824, 856368]
economy : 6348904805, 129, 3, [474496, 383885]
economy : 2295857935, 108, 1, [664851, 507084, 474496, 196824]
economy : 3230568072, 177, 7, [196824, 383885, 719270, 901684]
economy : 6242597426, 60, 2, [664851, 196824, 507084, 901684]
economy : 5167714855, 175, 0, [719270, 507084, 474496]
economy : 2261389467, 44, 2, [901684, 238206]
economy : 8847823815, 63, 2, [901684, 856368, 467047]
business : 8774023079, 43, 2, [383885, 467047, 901684]
business : 1672961280, 186, 1, [196824, 507084, 383885]
first : 7277348037, 69, 1, [474496, 196824, 467047]
economy : 9823041350, 45, 3, [856368, 383885, 474496, 507084]
economy : 3611906596, 41, 8, [383885, 507084]
economy : 9452082384, 77, 2, [474496, 238206, 507084]
economy : 2158243326, 69, 1, [856368, 383885]
business : 3355658930, 121, 0, [467047, 719270, 901684]
business : 9625607813, 116, 1, [901684, 719270, 383885, 474496]
economy : 3815315115, 98, 1, [901684, 467047, 856368, 664851]
business : 4637403430, 175, 3, [856368, 719270]
economy : 7861760904, 125, 1, [238206, 664851, 196824]
economy : 4446767318, 158, 1, [664851, 719270, 196824, 238206]
first : 1182896567, 180, 1, [507084, 901684, 719270]
economy : 7001161172, 154, 1, [467047, 196824]
economy : 7074685737, 82, 1, [238206, 664851]
business : 3808911659, 120, 0, [664851, 507084, 856368]
economy : 5385046911, 72, 3, [474496, 664851, 383885, 238206]
economy : 1603263579, 88, 1, [719270, 238206, 507084, 467047]
economy : 3917799196, 53, 2, [901684, 474496]
business : 1378015269, 111, 8, [856368, 383885]
economy : 2320163717, 107, 2, [507084, 467047]
economy : 1560191513, 155, 7, [474496, 196824]
economy : 3960468476, 57, 7, [901684, 507084]
economy : 4388247163, 145, 4, [507084, 467047]
first : 8346229030, 178, 1, [856368, 383885, 467047, 901684]
economy : 7000175250, 171, 2, [856368, 238206]
economy : 5551135687, 101, 1, [383885, 474496, 238206]
economy : 5895954445, 133, 0, [383885, 474496]
first : 1564163059, 188, 2, [507084, 719270, 901684]
economy : 1320082341, 174, 0, [238206, 507084, 196824, 719270]
economy : 5520864683, 47, 1, [719270, 901684, 507084, 383885]
economy : 1384008893, 80, 2, [719270, 196824, 664851]
economy : 7988569109, 52, 2, [196824, 383885, 474496]
economy : 2965939340, 69, 1, [719270, 507084, 383885, 238206]
economy : 8397312152, 46, 6, [664851, 467047]
business : 2987473275, 113, 4, [719270, 856368, 196824, 467047]
economy : 5944414313, 161, 2, [383885, 507084, 196824, 467047]
economy : 1585400149, 105, 8, [901684, 856368]
economy : 2221148275, 105, 0, [856368, 383885, 719270]
economy : 6723943383, 105, 9, [856368, 664851]
business : 2616661673, 123, 5, [901684, 856368, 719270, 196824]
luxury : 6408787776, 178, 0, [901684, 719270, 196824, 664851]
business : 5591693603, 79, 0, [664851, 507084]
economy : 4117882633, 194, 4, [383885, 474496, 901684, 856368]
economy : 5647145365, 106, 0, [383885, 238206, 507084, 856368]
economy : 1338934495, 187, 1, [474496, 901684, 383885, 196824]
economy : 9026590616, 72, 2, [719270, 507084]
business : 8063002814, 60, 0, [238206, 467047]
economy : 9919223057, 91, 1, [856368, 467047, 664851, 507084]
business : 8071024609, 83, 1, [507084, 901684]
business : 4568717272, 79, 0, [664851, 507084, 856368, 901684]
economy : 5334566567, 151, 2, [507084, 856368]
business : 7564932684, 77, 2, [196824, 467047, 901684]
economy : 7910464651, 147, 2, [467047, 196824, 474496, 238206]
first : 3815129217, 125, 4, [507084, 719270, 664851, 196824]
economy : 5578070289, 157, 2, [507084, 856368]
economy : 2507395652, 117, 2, [856368, 719270, 507084, 196824]
economy : 1646786554, 94, 2, [383885, 719270, 196824, 238206]
economy : 8757360039, 62, 1, [719270, 901684]
economy : 1456312538, 66, 0, [856368, 238206, 467047, 383885]
economy : 8854577749, 194, 1, [719270, 901684, 507084]
economy : 4687021151, 63, 1, [467047, 474496, 507084]
economy : 9214219284, 147, 3, [383885, 856368, 467047, 238206]
economy : 6948670989, 190, 1, [664851, 467047]
economy : 5463753947, 64, 5, [901684, 474496, 467047]
business : 1427939386, 102, 2, [901684, 196824, 507084]
economy : 4511130742, 75, 6, [474496, 467047]
business : 1053512945, 155, 7, [719270, 196824]
economy : 4522303124, 55, 0, [507084, 474496, 196824]
business : 8131094201, 62, 0, [856368, 474496, 901684, 664851]
economy : 9140496172, 195, 0, [467047, 901684]
business : 3993993467, 142, 0, [467047, 507084, 383885]
economy : 3413877951, 159, 4, [196824, 901684, 467047]
economy : 7224141989, 166, 1, [856368, 901684, 507084]
economy : 9535361662, 121, 1, [856368, 901684, 719270]
first : 6256207854, 80, 10, [383885, 901684, 467047, 664851]
economy : 2518434152, 143, 1, [467047, 664851, 196824, 383885]
business : 1881908742, 180, 7, [901684, 238206]
business : 5970569643, 61, 1, [901684, 474496, 196824, 383885]
economy : 5157379826, 125, 4, [856368, 196824, 383885, 474496]
business : 2672460040, 161, 1, [664851, 901684, 474496]
first : 4175191690, 43, 3, [664851, 467047, 856368, 507084]
economy : 4377575463, 152, 10, [856368, 719270, 467047]
economy : 5440577285, 83, 3, [196824, 664851, 901684]
economy : 6908286007, 174, 3, [664851, 856368, 474496, 238206]
business : 1603721614, 60, 3, [196824, 238206, 664851, 383885]
first : 2057482029, 78, 1, [901684, 856368]
economy : 6939969212, 108, 2, [238206, 856368]
business : 1786998271, 44, 2, [856368, 467047, 238206, 719270]
economy : 3181147374, 156, 1, [474496, 856368, 901684, 719270]
economy : 8650192006, 134, 3, [901684, 196824]
economy : 8166213295, 128, 1, [238206, 664851]
economy : 4715066064, 46, 4, [901684, 196824]
economy : 3011971838, 129, 1, [719270, 856368]
economy : 6929719062, 158, 4, [856368, 238206, 901684]
business : 2030908880, 183, 1, [719270, 507084, 664851]
luxury : 8912850256, 187, 6, [467047, 196824]
economy : 1238731843, 93, 6, [856368, 383885, 901684]
economy : 3308174737, 188, 5, [719270, 383885, 474496, 901684]
economy : 2978701118, 129, 5, [467047, 474496, 856368, 664851]
economy : 6009137120, 116, 2, [507084, 901684, 238206, 383885]
economy : 1527329029, 42, 1, [507084, 474496, 467047]
economy : 7898375673, 157, 1, [901684, 507084, 719270]
business : 4041499027, 187, 0, [664851, 467047]
first : 4580098588, 51, 5, [856368, 474496]
luxury : 9000345778, 63, 3, [467047, 383885]
economy : 7147525723, 144, 4, [238206, 719270]
economy : 7405649295, 179, 1, [719270, 383885]
economy : 8955018590, 188, 6, [664851, 238206, 474496]
business : 1263672192, 197, 5, [664851, 507084, 238206]
economy : 2766325654, 189, 0, [196824, 856368, 719270, 467047]
business : 7094942376, 69, 1, [238206, 507084, 196824, 719270]
business : 6999929419, 199, 1, [719270, 507084, 856368, 474496]
business : 8952220348, 123, 1, [719270, 474496]
business : 5789881038, 127, 7, [719270, 856368]
economy : 6011305901, 161, 3, [664851, 719270, 196824, 238206]
economy : 5869527457, 159, 1, [507084, 383885, 467047, 719270]
economy : 6496732535, 153, 2, [196824, 474496]
economy : 3278191109, 179, 1, [196824, 474496]
economy : 2220934249, 174, 1, [196824, 901684]
first : 2782018777, 135, 1, [383885, 507084, 664851, 474496]
economy : 2956511926, 162, 2, [664851, 856368]
business : 3447376414, 81, 1, [901684, 664851]
economy : 1151211397, 116, 0, [856368, 507084, 719270, 474496]
economy : 2668724706, 134, 2, [719270, 664851, 467047, 238206]
business : 5489073500, 159, 1, [664851, 238206, 467047]
economy : 3215277041, 125, 10, [383885, 664851]
economy : 2343337965, 153, 2, [467047, 719270]
economy : 7891745719, 125, 3, [507084, 901684]
business : 4316300041, 177, 1, [467047, 383885, 474496, 196824]
business : 1050171104, 161, 1, [901684, 467047]
business : 3740752818, 141, 1, [467047, 856368, 719270, 664851]
economy : 7153450821, 100, 1, [719270, 196824]
economy : 6460230485, 45, 5, [719270, 507084]
economy : 9282457061, 60, 0, [856368, 474496]
economy : 2279028346, 92, 2, [664851, 196824, 856368]
business : 7406884512, 53, 2, [507084, 238206, 664851]
economy : 7919547704, 141, 1, [474496, 238206]
economy : 1679386523, 189, 1, [238206, 719270]
economy : 6115079716, 113, 2, [719270, 467047, 196824, 856368]
economy : 1288290048, 97, 2, [196824, 507084]
economy : 4385095387, 113, 2, [664851, 507084]
business : 4370147760, 179, 1, [467047, 507084]
economy : 8952182808, 115, 1, [238206, 383885]
economy : 8765022831, 126, 1, [719270, 467047, 664851]
luxury : 1403600197, 136, 5, [664851, 901684, 474496]
economy : 5076321610, 105, 9, [467047, 238206]
economy : 5716995179, 79, 1, [901684, 719270, 474496, 507084]
luxury : 9957680422, 168, 1, [196824, 901684, 474496]
economy : 6323578866, 183, 2, [467047, 719270, 238206]
business : 9574655780, 163, 4, [856368, 901684, 196824]
first : 1330857425, 161, 2, [474496, 507084, 383885]
economy : 5416252503, 72, 5, [383885, 901684, 238206, 856368]
economy : 8977492334, 182, 6, [719270, 474496, 383885]
economy : 3459270661, 73, 2, [238206, 467047]
first : 8039314720, 68, 0, [719270, 664851, 196824]
economy : 6952615262, 46, 0, [238206, 196824, 474496]
economy : 7677223569, 87, 1, [196824, 383885, 467047]
economy : 3594606488, 85, 1, [901684, 196824, 664851]
economy : 2000930749, 104, 0, [238206, 196824]
economy : 1919427941, 163, 9, [901684, 719270, 238206, 856368]
economy : 2800485146, 49, 6, [507084, 383885, 196824]
economy : 6632281031, 169, 2, [856368, 383885, 196824]
economy : 5175436907, 57, 2, [474496, 196824, 467047]
business : 1479396048, 96, 3, [467047, 507084, 719270, 474496]
economy : 5826108497, 187, 2, [474496, 719270, 467047, 383885]
economy : 2263531474, 48, 1, [196824, 901684, 719270, 507084]
economy : 4307453895, 147, 1, [196824, 664851, 383885, 238206]
economy : 6479771273, 159, 2, [383885, 467047, 856368, 474496]
economy : 4641277202, 138, 1, [474496, 467047, 664851]
economy : 6619223972, 168, 2, [664851, 719270, 507084]
economy : 8352945388, 73, 2, [901684, 474496, 383885, 238206]
economy : 4759570497, 101, 2, [474496, 719270, 901684]
economy : 5126402861, 189, 3, [467047, 901684, 474496, 507084]
economy : 4614200346, 185, 2, [664851, 856368, 467047, 474496]
economy : 1656770942, 167, 5, [507084, 719270]
business : 9586603013, 64, 10, [664851, 196824]
economy : 3704460694, 62, 6, [238206, 664851]
economy : 1698586740, 149, 2, [856368, 383885, 719270]
business : 8916648826, 188, 2, [238206, 856368]
economy : 6147550610, 42, 2, [383885, 467047, 196824, 901684]
economy : 1486374549, 60, 1, [901684, 383885, 856368, 474496]
economy : 9103708038, 145, 1, [383885, 901684]
luxury : 2477220356, 147, 7, [467047, 664851, 238206, 474496]
economy : 6412437539, 42, 1, [664851, 467047]
economy : 9913385275, 42, 2, [901684, 507084]
economy : 7310548884, 117, 2, [664851, 474496]
economy : 3867123762, 195, 0, [196824, 664851]
business : 4912244075, 173, 1, [383885, 474496, 664851]
economy : 1572412386, 85, 2, [856368, 901684, 474496]
economy : 3858832739, 165, 3, [664851, 467047, 719270, 474496]
economy : 9723384906, 51, 1, [901684, 719270]
first : 1949241507, 77, 3, [383885, 196824, 474496]
luxury : 7019078241, 149, 2, [474496, 719270]
economy : 6943000365, 103, 1, [856368, 507084]
economy : 5061044827, 197, 1, [238206, 856368, 467047, 664851]
luxury : 3880116950, 177, 1, [196824, 474496]
economy : 7904365609, 135, 3, [383885, 467047, 196824, 238206]
economy : 6941637227, 84, 2, [901684, 507084, 719270, 467047]
economy : 5162537182, 155, 2, [664851, 507084, 856368]
economy : 3648733833, 98, 4, [901684, 719270]
economy : 5893699575, 162, 1, [467047, 507084]
economy : 1577113056, 92, 1, [719270, 196824, 383885, 467047]
business : 9440892291, 156, 2, [856368, 474496, 507084]
economy : 2149949015, 116, 8, [719270, 383885]
economy : 4132380308, 105, 2, [664851, 474496, 238206]
economy : 8088714744, 184, 2, [856368, 664851, 383885]
business : 9779290851, 118, 6, [719270, 383885, 196824, 474496]
economy : 8244041793, 137, 6, [474496, 467047, 238206, 901684]
business : 7300672179, 104, 6, [196824, 467047]
economy : 4158797177, 174, 1, [664851, 901684, 383885]
economy : 7944998317, 88, 1, [719270, 196824]
economy : 1977210013, 111, 3, [719270, 901684, 238206, 467047]
economy : 9942045646, 86, 5, [196824, 238206, 901684]
economy : 3299881433, 177, 1, [474496, 507084, 901684]
business : 7735067695, 115, 2, [901684, 383885]
economy : 3810975506, 194, 2, [507084, 719270, 474496]
economy : 1629380400, 84, 1, [719270, 383885, 901684]
economy : 2876735611, 44, 1, [238206, 901684, 507084]
economy : 4955975637, 173, 1, [467047, 383885, 474496, 719270]
economy : 4013547402, 160, 2, [507084, 238206, 383885, 474496]
economy : 6104347613, 44, 1, [856368, 238206, 474496]
economy : 4484322168, 85, 1, [196824, 901684]
economy : 2893634677, 47, 1, [719270, 507084]
economy : 6534459794, 129, 2, [901684, 507084, 238206, 467047]
business : 7078897723, 122, 3, [238206, 901684, 196824]
economy : 7106320451, 159, 3, [467047, 719270, 196824]
economy : 8696283020, 80, 4, [507084, 474496, 196824, 901684]
business : 1199725215, 95, 2, [901684, 664851]
economy : 2161388560, 60, 10, [664851, 901684, 238206, 474496]
economy : 7202553856, 46, 1, [664851, 507084, 467047]
business : 4200510700, 60, 2, [196824, 467047, 238206]
economy : 4675783083, 105, 3, [507084, 383885]
economy : 4504160864, 180, 1, [467047, 856368, 383885, 238206]
economy : 7439177640, 189, 5, [383885, 474496, 507084]
economy : 2962065327, 166, 0, [856368, 383885, 507084, 474496]
economy : 7595180605, 48, 1, [196824, 664851, 901684, 856368]
economy : 1805320226, 160, 5, [901684, 507084, 383885]
economy : 1785934512, 179, 2, [238206, 383885, 467047]
economy : 8403624023, 168, 6, [901684, 474496, 383885, 238206]
economy : 4205991355, 99, 1, [719270, 856368, 383885, 474496]
economy : 4577756006, 178, 3, [238206, 383885]
economy : 6753557929, 114, 5, [901684, 474496, 664851, 507084]
economy : 1967360885, 84, 0, [238206, 383885]
economy : 5842242860, 191, 8, [507084, 474496]
economy : 3678728677, 89, 3, [664851, 474496]
economy : 4633987521, 185, 2, [856368, 664851]
economy : 9801416387, 196, 1, [196824, 664851, 474496]
economy : 6831576652, 101, 4, [238206, 474496, 719270]
business : 8510995830, 172, 0, [474496, 467047]
first : 9073774150, 110, 0, [719270, 664851]
economy : 2446152430, 112, 2, [507084, 664851, 719270]
economy : 1647232021, 140, 1, [664851, 719270, 901684, 238206]
economy : 9242236048, 82, 3, [196824, 664851]
economy : 1182364862, 104, 1, [238206, 901684, 664851]
first : 2443459322, 165, 2, [719270, 383885, 474496, 856368]
economy : 3646657938, 98, 1, [719270, 474496, 901684]
business : 6432136778, 112, 6, [467047, 507084]
economy : 4010653518, 139, 0, [196824, 474496]
economy : 2804845337, 150, 2, [238206, 474496, 507084, 856368]
economy : 6654738900, 185, 0, [383885, 467047, 719270]
first : 6538158107, 54, 2, [719270, 507084, 467047]
economy : 8243674724, 119, 1, [901684, 467047, 383885]
economy : 5913947750, 51, 1, [856368, 238206, 664851]
business : 5627444722, 92, 6, [856368, 467047, 901684, 238206]
first : 6798869873, 168, 1, [664851, 719270, 507084, 196824]
economy : 7565724182, 165, 2, [196824, 383885]
economy : 4560315286, 106, 2, [901684, 196824, 467047]
first : 2518797316, 97, 1, [856368, 238206, 719270, 474496]
economy : 7619038911, 69, 2, [856368, 507084, 474496, 383885]
economy : 2311525101, 163, 8, [383885, 719270]
business : 9174438073, 177, 2, [238206, 719270, 507084]
economy : 3968801926, 41, 2, [196824, 664851, 507084, 719270]
first : 9309509228, 101, 2, [856368, 901684, 383885]
economy : 4634578899, 199, 0, [196824, 664851, 507084]
economy : 2669910612, 152, 3, [664851, 507084, 238206, 856368]
business : 5597050323, 184, 1, [383885, 856368, 196824]
economy : 1666064169, 122, 2, [238206, 383885]
business : 6801663375, 77, 3, [856368, 467047, 474496]
economy : 4692891951, 116, 1, [467047, 474496, 901684]
economy : 5342542742, 173, 1, [238206, 719270]
economy : 8940283956, 149, 3, [901684, 383885]
economy : 7123712569, 179, 4, [474496, 467047, 664851]
business : 3343084748, 50, 1, [856368, 719270, 383885]
economy : 4776915124, 66, 2, [856368, 467047]
economy : 8136099343, 175, 2, [507084, 467047]
economy : 4170669772, 131, 3, [507084, 196824, 664851]
economy : 6808445804, 161, 2, [664851, 507084]
economy : 5224001966, 151, 2, [507084, 719270]
economy : 8927199459, 156, 1, [238206, 507084, 856368]
economy : 6186341949, 152, 0, [467047, 856368, 719270, 383885]
economy : 1278477344, 109, 3, [856368, 664851, 901684]
economy : 4743231255, 135, 1, [238206, 196824, 719270]
business : 3912691634, 46, 2, [856368, 383885]
economy : 4870360444, 90, 1, [901684, 238206, 383885]
economy : 4182613149, 159, 1, [474496, 238206, 664851]
economy : 7818683513, 98, 10, [383885, 238206]
first : 5235260402, 152, 3, [664851, 901684, 196824]
economy : 6351470922, 147, 2, [507084, 856368, 467047]
economy : 6732709751, 130, 2, [719270, 467047]
economy : 7041145540, 74, 5, [719270, 664851, 467047, 238206]
economy : 7249647192, 186, 2, [238206, 383885, 474496, 664851]
luxury : 5842399348, 144, 3, [901684, 238206, 474496]
economy : 3484155329, 200, 2, [474496, 383885, 238206, 901684]
economy : 7206145422, 185, 1, [238206, 901684, 196824]
economy : 4573740582, 193, 1, [467047, 901684, 383885]
economy : 9479041239, 110, 1, [383885, 664851]
luxury : 9566185837, 138, 1, [474496, 238206]
economy : 5513918551, 137, 0, [507084, 719270]
economy : 8545609460, 146, 9, [238206, 474496, 196824, 856368]
business : 2852803438, 60, 3, [719270, 196824, 901684, 856368]
economy : 6215240039, 131, 1, [664851, 474496]
economy : 5129186315, 50, 4, [664851, 474496, 196824]
economy : 2833515267, 160, 5, [474496, 507084, 196824, 856368]
economy : 1149062179, 87, 1, [856368, 467047, 196824, 238206]
business : 1436379154, 61, 0, [664851, 856368]
first : 5676970888, 195, 1, [467047, 474496, 719270, 383885]
economy : 5658417907, 65, 1, [383885, 901684]
business : 6663792548, 82, 1, [467047, 474496, 901684]
economy : 5620777085, 86, 8, [196824, 664851]
economy : 6789236149, 116, 0, [383885, 719270, 196824]
economy : 6635426179, 169, 0, [467047, 507084, 901684, 238206]
economy : 1819628879, 122, 4, [474496, 383885]
first : 7726921773, 100, 1, [467047, 664851, 719270, 901684]
economy : 2830215493, 88, 1, [196824, 474496]
first : 7817068465, 178, 1, [238206, 719270, 856368]
economy : 6754373602, 125, 1, [383885, 719270]
business : 2182418819, 52, 3, [901684, 383885]
economy : 7355760721, 171, 1, [238206, 901684, 383885, 474496]
economy : 3042314279, 111, 1, [719270, 474496]
first : 3302688352, 44, 2, [856368, 383885, 196824, 507084]
first : 4456923354, 104, 1, [856368, 383885]
economy : 3733778351, 193, 1, [383885, 196824, 474496]
luxury : 6456929428, 136, 1, [196824, 507084]
economy : 4781539285, 186, 1, [719270, 196824, 507084]
economy : 2713804354, 123, 1, [383885, 901684, 238206]
business : 2988904594, 196, 2, [467047, 507084]
economy : 1738179192, 196, 1, [196824, 383885, 467047, 238206]
economy : 9329674718, 48, 4, [901684, 238206, 664851]
economy : 3087944825, 182, 4, [664851, 719270, 467047]
economy : 4126867859, 126, 0, [383885, 507084, 856368]
business : 6521306626, 70, 1, [196824, 467047]
economy : 8587379925, 142, 1, [467047, 474496, 856368, 196824]
economy : 5232378609, 166, 0, [474496, 901684, 507084, 856368]
first : 7515295298, 51, 5, [901684, 383885]
economy : 3398204308, 192, 2, [664851, 467047]
business : 7999514143, 194, 3, [901684, 507084, 719270]
business : 8595467220, 43, 0, [719270, 383885]
business : 9284631944, 142, 2, [474496, 383885, 719270]
economy : 6309535888, 44, 0, [856368, 901684, 507084, 474496]
economy : 3222110621, 154, 1, [856368, 719270, 467047]
first : 7358836760, 110, 4, [383885, 719270, 856368, 507084]
business : 8860996239, 137, 1, [474496, 856368]
economy : 9054458972, 187, 4, [507084, 664851, 719270]
economy : 3561948749, 86, 5, [196824, 719270, 383885, 664851]
economy : 1272684546, 114, 0, [507084, 856368]
economy : 5529445419, 67, 2, [467047, 383885, 507084]
economy : 8737538168, 164, 1, [467047, 856368, 664851]
economy : 1364469749, 190, 2, [383885, 664851]
economy : 8213366408, 86, 0, [901684, 474496]
first : 5063205937, 91, 1, [719270, 901684]
business : 6232414100, 115, 3, [664851, 507084, 474496, 856368]
economy : 1534034134, 116, 4, [901684, 474496]
economy : 4175136806, 75, 6, [856368, 467047]
economy : 8146967482, 66, 4, [507084, 664851]
economy : 2365322721, 154, 2, [467047, 383885]
first : 6078978982, 184, 8, [196824, 901684]
economy : 5306891864, 193, 0, [664851, 467047, 901684, 474496]
economy : 4148938831, 107, 2, [238206, 467047, 507084, 664851]
economy : 7578699537, 161, 10, [856368, 474496, 467047, 719270]
economy : 6190749406, 85, 2, [664851, 196824, 719270]
economy : 4414873051, 141, 5, [856368, 467047]
economy : 6284891679, 200, 3, [507084, 856368, 467047]
business : 2016578263, 114, 2, [664851, 196824, 719270]
economy : 6730501863, 150, 2, [901684, 719270]
economy : 5832474870, 75, 0, [383885, 467047, 719270, 507084]
business : 9981443988, 133, 7, [719270, 196824]
economy : 8680343350, 142, 3, [901684, 238206]
economy : 9157008642, 41, 5, [238206, 467047, 856368]
economy : 7193674991, 84, 1, [467047, 856368, 901684]
economy : 6254357627, 119, 0, [856368, 467047, 901684, 719270]
economy : 4288142558, 136, 0, [664851, 238206, 507084]
economy : 4560395647, 186, 3, [383885, 719270, 474496]
economy : 7395951780, 183, 4, [238206, 474496, 467047]
economy : 5495414037, 165, 1, [474496, 383885, 238206, 664851]
economy : 9764181026, 57, 0, [196824, 383885, 664851]
business : 1555254046, 181, 0, [474496, 238206, 507084, 383885]
business : 1425101085, 59, 2, [901684, 719270, 238206]
economy : 8526999328, 69, 2, [664851, 196824, 719270, 856368]
economy : 5778087917, 103, 2, [383885, 196824, 238206, 901684]
economy : 8547464563, 175, 4, [238206, 196824]
business : 1607844966, 94, 1, [664851, 467047, 238206]
economy : 6910986138, 184, 1, [238206, 196824]
business : 9578826692, 118, 2, [719270, 238206, 383885, 901684]
business : 9747428780, 137, 3, [474496, 196824, 719270]
economy : 3222017782, 87, 0, [196824, 856368, 467047, 507084]
economy : 5842851571, 162, 1, [856368, 383885, 196824, 901684]
economy : 7916043241, 200, 8, [856368, 196824, 664851, 383885]
economy : 9088706952, 97, 10, [196824, 856368]
economy : 2432696015, 82, 0, [467047, 664851, 196824]
economy : 5641547880, 172, 1, [901684, 383885]
economy : 9805164073, 61, 2, [507084, 856368, 383885, 238206]
economy : 5505021740, 78, 0, [467047, 238206, 507084, 383885]
economy : 6069366160, 124, 1, [664851, 856368, 238206]
economy : 2986441188, 123, 4, [507084, 901684, 664851]
business : 7144862060, 154, 3, [196824, 238206, 467047]
economy : 8995683905, 174, 5, [474496, 196824, 719270]
business : 4750392045, 51, 1, [383885, 664851, 901684, 196824]
economy : 6208188021, 76, 2, [664851, 238206, 196824]
first : 2276990934, 99, 1, [467047, 383885, 856368, 901684]
economy : 5940871708, 164, 2, [383885, 474496, 196824]
economy : 3768493375, 199, 1, [856368, 507084, 196824, 474496]
business : 1738953119, 85, 5, [238206, 664851]
economy : 2538399971, 63, 1, [474496, 664851, 238206, 856368]
economy : 2855183224, 151, 8, [196824, 507084, 664851, 719270]
economy : 9641879119, 168, 1, [507084, 467047]
business : 7540538927, 56, 4, [507084, 196824, 238206, 474496]
economy : 7350887954, 145, 8, [474496, 383885, 664851]
economy : 5459413148, 59, 2, [238206, 507084, 856368]
economy : 1660803957, 133, 2, [901684, 474496, 196824]
economy : 5254652697, 92, 9, [238206, 507084]
business : 3363790193, 169, 0, [856368, 474496, 719270]
business : 9491946016, 108, 0, [664851, 474496, 238206, 507084]
luxury : 1123580970, 167, 1, [856368, 664851, 901684, 719270]
economy : 9789284252, 134, 10, [238206, 383885]
business : 5101222962, 76, 3, [383885, 856368, 196824]
economy : 1138734261, 120, 3, [474496, 664851, 507084]
economy : 3909012323, 167, 2, [383885, 901684]
economy : 9792373975, 133, 3, [196824, 664851]
economy : 6630903421, 95, 1, [507084, 196824]
economy : 3180259679, 166, 0, [383885, 507084, 474496, 901684]
first : 3392960277, 45, 1, [467047, 507084, 901684]
economy : 2027063767, 189, 2, [474496, 383885, 238206, 856368]
economy : 9258304313, 41, 5, [856368, 238206, 664851, 719270]
economy : 6437124411, 91, 2, [196824, 474496, 383885, 238206]
economy : 5217432736, 196, 2, [719270, 507084]
economy : 9842777795, 83, 6, [383885, 238206, 856368]
economy : 2147385235, 81, 7, [507084, 467047, 664851]
economy : 5276169806, 81, 0, [467047, 507084, 664851, 474496]
economy : 4597687302, 190, 1, [474496, 238206, 383885]
economy : 9214020839, 195, 4, [383885, 901684]
economy : 6596003160, 63, 1, [664851, 238206]
economy : 2986133740, 45, 2, [196824, 467047]
economy : 1364944406, 193, 6, [856368, 238206, 467047]
economy : 1523940814, 65, 5, [474496, 467047]
first : 2588270665, 153, 1, [474496, 383885]
economy : 1198361668, 170, 1, [467047, 196824, 901684]
business : 2963793105, 110, 1, [856368, 196824, 238206, 474496]
economy : 6796006131, 72, 1, [719270, 901684, 856368, 238206]
economy : 1587480460, 76, 3, [238206, 383885]
luxury : 4282800875, 53, 2, [664851, 507084, 901684, 719270]
business : 3216715617, 160, 8, [664851, 474496, 238206]
business : 5717294273, 42, 3, [196824, 467047, 507084]
economy : 1392360223, 134, 1, [238206, 474496, 467047]
economy : 8319143232, 170, 2, [474496, 856368, 467047, 238206]
economy : 2384076996, 143, 1, [901684, 856368]
economy : 5435083782, 44, 3, [196824, 901684, 474496]
economy : 9172063685, 102, 8, [474496, 383885]
business : 9766152952, 186, 0, [383885, 196824]
economy : 2421857718, 82, 2, [664851, 507084, 196824]
economy : 9587761937, 133, 2, [664851, 474496]
business : 6300739160, 89, 3, [664851, 467047, 856368]
business : 4891518627, 69, 3, [507084, 901684, 196824, 856368]
business : 1565828200, 59, 1, [467047, 238206]
business : 9811259282, 189, 1, [719270, 664851, 238206]
economy : 2438391539, 173, 1, [474496, 467047, 238206]
economy : 5652373732, 80, 1, [196824, 467047, 901684]
first : 9239178432, 54, 3, [238206, 467047, 383885]
business : 2457909379, 187, 2, [467047, 196824]
business : 9009012134, 169, 1, [856368, 196824, 238206, 474496]
economy : 1553985774, 102, 0, [196824, 383885]
economy : 1884220043, 145, 1, [196824, 383885, 474496]
economy : 9501249235, 125, 9, [856368, 467047, 719270]
economy : 2737727598, 78, 6, [664851, 719270, 238206, 196824]
business : 8029431643, 136, 7, [856368, 719270]
economy : 7506737912, 105, 2, [196824, 856368, 507084]
economy : 7535764685, 166, 2, [238206, 856368]
luxury : 5128321680, 114, 6, [238206, 901684]
first : 7671999188, 177, 8, [719270, 467047]
economy : 8839780738, 149, 7, [901684, 383885, 196824, 664851]
economy : 2551817747, 174, 1, [474496, 238206, 383885, 467047]
economy : 8857730814, 125, 3, [664851, 474496]
economy : 3145914583, 194, 1, [238206, 856368, 467047]
economy : 3808765817, 67, 3, [196824, 383885]
economy : 3477618984, 149, 1, [196824, 856368]
economy : 3884052913, 194, 1, [664851, 901684, 719270]
economy : 2596517580, 44, 1, [383885, 196824, 467047]
economy : 3356719426, 158, 2, [383885, 238206, 664851]
economy : 2936424076, 156, 5, [664851, 467047]
business : 4998999612, 54, 10, [474496, 467047, 856368, 507084]
economy : 8915934932, 100, 2, [507084, 467047, 196824]
economy : 4058006685, 93, 1, [238206, 856368]
economy : 3423858419, 52, 3, [474496, 196824]
economy : 7317724230, 146, 2, [196824, 383885, 507084, 238206]
economy : 9148992593, 155, 3, [467047, 719270, 664851]
first : 7360553808, 112, 1, [467047, 474496, 196824]
economy : 2738574187, 128, 1, [719270, 238206, 196824]
economy : 1904659198, 125, 0, [856368, 383885]
economy : 4112106616, 105, 2, [383885, 238206]
economy : 3042787248, 124, 5, [196824, 238206, 664851, 507084]
economy : 8060306492, 56, 1, [238206, 474496]
economy : 2805057774, 164, 1, [238206, 856368, 383885, 719270]
economy : 3198005886, 170, 1, [901684, 719270, 856368, 467047]
economy : 3396636593, 54, 7, [474496, 238206, 856368]
economy : 6040351216, 132, 5, [474496, 196824, 238206]
economy : 2312311959, 59, 2, [719270, 901684, 467047]
business : 1034595287, 92, 0, [383885, 507084, 719270]
first : 5592223777, 188, 1, [196824, 507084, 856368]
business : 7300754169, 129, 1, [196824, 901684, 474496, 507084]
economy : 1940045707, 196, 3, [196824, 474496, 719270]
economy : 4051740583, 163, 0, [856368, 238206, 383885, 664851]
economy : 1400711745, 200, 2, [664851, 507084]
economy : 8773042143, 162, 4, [664851, 719270, 467047]
first : 2500780185, 70, 1, [467047, 507084, 383885]
economy : 2033642005, 110, 0, [507084, 664851, 901684]
economy : 6951207660, 99, 5, [474496, 238206, 719270]
business : 5907357495, 134, 3, [719270, 664851, 474496, 467047]
business : 7822840052, 127, 3, [507084, 719270, 901684]
business : 1437677565, 43, 0, [238206, 474496, 664851]
economy : 5250385701, 142, 1, [474496, 238206]
economy : 8751943320, 41, 1, [238206, 901684, 467047]
business : 3432809422, 91, 0, [507084, 474496]
business : 3046938468, 67, 1, [664851, 196824]
economy : 5054477785, 156, 6, [467047, 719270, 664851]
economy : 5284866861, 129, 0, [507084, 383885, 664851, 238206]
business : 8382494277, 79, 2, [196824, 507084, 719270, 383885]
economy : 9177052155, 143, 0, [856368, 383885]
economy : 1068267503, 123, 1, [901684, 719270, 664851]
first : 2554991023, 68, 4, [856368, 719270, 901684, 383885]
business : 7333982423, 94, 1, [856368, 474496]
economy : 8716265629, 150, 1, [901684, 383885]
economy : 4891227115, 102, 2, [507084, 856368, 238206]
economy : 7224556406, 119, 0, [474496, 383885]
economy : 4549000231, 176, 1, [467047, 238206]
economy : 5758828358, 103, 5, [719270, 196824, 383885]
luxury : 6923217788, 101, 5, [856368, 196824]
business : 5900884766, 187, 2, [383885, 196824]
first : 9921345874, 41, 3, [901684, 474496]
economy : 9843609178, 77, 0, [474496, 664851]
economy : 3551548643, 115, 2, [474496, 901684]
economy : 3807873293, 182, 2, [196824, 664851]
economy : 6988928919, 114, 0, [467047, 901684]
economy : 4700833359, 79, 8, [383885, 507084, 856368]
business : 1516492293, 166, 1, [383885, 719270]
business : 6113037062, 95, 2, [719270, 664851, 507084]
economy : 3121567138, 71, 2, [664851, 474496, 196824, 507084]
business : 4984494305, 97, 1, [238206, 664851, 474496]
economy : 6373323873, 159, 2, [383885, 719270]
economy : 7873179471, 159, 6, [383885, 664851, 719270]
business : 3519818581, 101, 0, [856368, 474496]
business : 2421004720, 59, 1, [856368, 238206, 507084, 196824]
economy : 4820908132, 64, 1, [474496, 196824, 719270]
economy : 2723768411, 142, 10, [901684, 238206, 719270]
economy : 4237506907, 179, 1, [196824, 467047, 901684]
business : 2285124755, 92, 1, [507084, 196824]
business : 2820251556, 96, 1, [467047, 901684, 196824, 719270]
economy : 6506692849, 182, 1, [664851, 856368, 474496]
economy : 9802330514, 164, 1, [196824, 856368, 664851, 474496]
economy : 5434390758, 180, 5, [856368, 474496]
economy : 5904697260, 145, 2, [474496, 664851]
economy : 4933740995, 139, 1, [664851, 856368, 719270]
first : 9063489788, 56, 5, [507084, 383885]
economy : 8905315362, 139, 6, [664851, 474496, 467047]
economy : 9802326108, 68, 2, [901684, 383885]
economy : 9755305193, 130, 1, [856368, 238206, 507084]
business : 3187393001, 137, 2, [507084, 474496]
economy : 7357247205, 176, 0, [474496, 383885, 238206]
business : 2496138883, 196, 2, [901684, 467047]
economy : 9391168428, 168, 0, [719270, 467047, 507084]
economy : 3928593515, 190, 0, [507084, 383885]
economy : 3642699366, 142, 2, [238206, 474496, 719270, 467047]
first : 1445856335, 109, 1, [383885, 664851, 238206, 467047]
business : 2289248471, 177, 3, [474496, 856368]
economy : 8235108849, 113, 2, [238206, 719270, 467047, 196824]
economy : 1178875660, 61, 1, [901684, 856368, 474496, 238206]
economy : 5947508167, 140, 2, [507084, 474496, 901684]
economy : 1234775341, 126, 2, [238206, 507084, 196824]
economy : 6817285462, 140, 2, [719270, 474496, 196824, 856368]
economy : 5497947878, 112, 3, [856368, 664851, 238206, 467047]
business : 2831878459, 160, 0, [856368, 664851, 474496, 238206]
economy : 2120161305, 153, 6, [474496, 507084]
economy : 2860467057, 75, 1, [467047, 856368, 719270]
economy : 1885963490, 132, 0, [383885, 196824, 238206, 901684]
business : 2264169066, 94, 5, [238206, 383885]
economy : 2083319736, 61, 1, [507084, 383885, 664851, 856368]
economy : 7281207817, 81, 0, [238206, 664851]
business : 2875793972, 199, 2, [856368, 901684, 467047, 719270]
economy : 1719779049, 175, 1, [238206, 664851]
economy : 7658269446, 167, 10, [474496, 856368]
business : 2209646104, 153, 1, [856368, 196824]
economy : 1189851353, 119, 2, [856368, 901684, 507084]
economy : 2531358691, 93, 2, [507084, 856368, 719270, 901684]
economy : 6391770493, 53, 0, [901684, 507084, 383885, 664851]
economy : 8387248320, 80, 1, [664851, 196824]
economy : 9412195401, 114, 0, [238206, 719270]
business : 4495708103, 128, 0, [856368, 901684, 474496]
economy : 2361984784, 58, 0, [664851, 238206, 507084]
first : 2542071003, 125, 2, [664851, 719270, 474496]
economy : 2024027293, 120, 3, [664851, 238206]
business : 5123003449, 91, 0, [383885, 856368]
business : 5942832729, 132, 1, [383885, 467047, 856368]
economy : 3112636825, 140, 6, [238206, 474496, 467047, 507084]
economy : 4555266020, 139, 2, [507084, 467047]
economy : 8612616519, 144, 0, [467047, 901684, 196824, 664851]
economy : 2140268452, 169, 0, [719270, 196824, 383885, 474496]
economy : 2331930047, 71, 1, [383885, 467047, 901684, 664851]
economy : 5671439467, 157, 2, [474496, 719270, 664851, 507084]
luxury : 2122357162, 124, 3, [901684, 238206, 856368, 474496]
business : 8072247602, 133, 0, [664851, 901684, 507084]
economy : 7333104388, 73, 0, [719270, 474496]
business : 2468956532, 66, 3, [383885, 507084, 664851, 467047]
economy : 5712814954, 83, 1, [664851, 856368]
luxury : 4338510575, 163, 0, [664851, 719270, 383885]
economy : 8927185418, 151, 4, [467047, 238206, 719270, 664851]
economy : 6424699945, 69, 2, [238206, 474496, 196824]
economy : 5890043446, 140, 0, [467047, 196824, 664851, 383885]
economy : 9399866415, 108, 2, [474496, 901684, 238206]
economy : 7136902971, 123, 2, [901684, 507084, 383885, 467047]
economy : 5957838625, 94, 2, [719270, 474496, 507084]
economy : 9926640688, 160, 1, [383885, 664851]
business : 8574070192, 109, 0, [467047, 719270, 901684, 196824]
economy : 2340878479, 45, 0, [467047, 664851]
business : 8198052566, 199, 5, [719270, 196824, 474496, 238206]
economy : 3843892055, 161, 2, [719270, 507084]
economy : 3208308136, 188, 2, [474496, 856368, 196824]
business : 4279195726, 197, 1, [719270, 901684]
economy : 7553592092, 57, 2, [507084, 238206, 467047, 383885]
economy : 8735732788, 49, 1, [238206, 467047, 901684, 474496]
first : 3614933202, 138, 2, [719270, 901684]
business : 1447237832, 136, 1, [856368, 901684]
economy : 4115629284, 79, 0, [474496, 719270]
first : 8117940756, 125, 3, [719270, 507084, 196824, 467047]
economy : 5825470852, 43, 1, [474496, 719270]
economy : 5309719265, 57, 0, [383885, 507084, 474496]
economy : 6115775129, 86, 5, [196824, 383885, 238206, 856368]
economy : 6264877780, 133, 4, [196824, 467047, 507084]
economy : 2069203542, 86, 1, [856368, 238206, 196824, 383885]
economy : 4310239302, 151, 8, [664851, 383885]
economy : 5432329598, 129, 2, [196824, 856368, 474496, 507084]
economy : 5968539736, 183, 1, [238206, 383885, 467047]
economy : 4942030578, 143, 3, [507084, 719270]
economy : 4257367238, 159, 5, [507084, 238206, 383885]
economy : 2367841766, 190, 1, [719270, 383885, 467047]
economy : 2432574087, 40, 1, [856368, 474496]
economy : 7758495254, 136, 9, [664851, 507084, 474496]
economy : 5704389073, 133, 2, [467047, 196824, 383885]
business : 1251246956, 133, 1, [856368, 901684, 474496, 507084]
economy : 4177260825, 178, 0, [196824, 664851, 901684, 474496]
economy : 1235021921, 68, 2, [507084, 196824, 238206]
business : 7971818010, 133, 3, [196824, 901684]
business : 4147297119, 95, 4, [474496, 507084, 664851, 238206]
economy : 4535181325, 189, 2, [196824, 664851, 901684, 383885]
business : 5962642151, 172, 1, [474496, 664851]
economy : 7914271316, 116, 4, [474496, 383885, 238206, 901684]
business : 1885777698, 82, 1, [507084, 467047, 856368]
economy : 5839907129, 161, 3, [507084, 238206]
business : 6204875118, 152, 10, [901684, 856368, 507084]
economy : 7898276173, 182, 0, [383885, 238206, 196824]
business : 3316809432, 153, 1, [383885, 901684, 467047, 664851]
economy : 8741267317, 96, 2, [467047, 901684, 383885]
economy : 5903803383, 124, 2, [856368, 196824, 507084, 238206]
business : 5533189460, 129, 1, [196824, 664851]
business : 8279474572, 129, 3, [383885, 238206, 664851, 856368]
economy : 8501443914, 116, 1, [467047, 664851, 901684, 383885]
economy : 4775751470, 69, 1, [474496, 901684]
luxury : 1669295269, 135, 1, [196824, 856368]
economy : 4103944856, 129, 1, [901684, 238206]
economy : 6781130923, 172, 0, [901684, 719270]
business : 1191290162, 64, 7, [383885, 467047, 238206, 507084]
economy : 4435128836, 56, 2, [719270, 856368]
luxury : 2579591936, 83, 1, [467047, 719270, 901684, 383885]
first : 2355286516, 106, 5, [474496, 507084]
economy : 9752685827, 69, 2, [856368, 474496, 238206, 664851]
economy : 1417146473, 55, 2, [719270, 474496, 664851]
economy : 4013433125, 186, 6, [507084, 196824, 238206, 664851]
economy : 9239278075, 103, 2, [467047, 238206]
economy : 5498788036, 83, 8, [719270, 507084]
business : 8131807247, 100, 0, [719270, 901684, 474496, 856368]
economy : 7175288672, 178, 0, [901684, 196824, 467047]
economy : 9969969622, 86, 3, [664851, 238206, 474496, 719270]
luxury : 4332760424, 57, 2, [383885, 856368]
economy : 1347945388, 188, 0, [474496, 507084, 856368, 664851]
business : 1428180879, 114, 2, [474496, 719270]
business : 7022349266, 47, 2, [856368, 507084]
business : 7344416951, 122, 1, [474496, 238206, 719270, 467047]
economy : 4542947805, 115, 0, [474496, 196824]
economy : 5940351468, 100, 1, [238206, 474496, 664851, 196824]
economy : 5008921992, 164, 4, [238206, 467047, 507084]
first : 3294759357, 48, 2, [474496, 383885]
economy : 2478778751, 150, 1, [196824, 856368, 719270, 474496]
economy : 6265076369, 188, 0, [196824, 664851, 719270, 474496]
business : 7822063579, 136, 3, [238206, 196824, 664851]
economy : 3783344912, 140, 2, [901684, 856368, 467047]
economy : 6989042748, 89, 2, [664851, 856368, 507084, 474496]
business : 6057176629, 106, 2, [474496, 196824, 507084, 664851]
economy : 9299408606, 67, 5, [719270, 474496]
first : 7892790257, 134, 6, [238206, 856368]
economy : 7852446316, 161, 1, [467047, 664851]
luxury : 8012619215, 96, 2, [383885, 238206, 856368, 719270]
economy : 8968306722, 184, 1, [196824, 856368]
economy : 3052824683, 145, 2, [664851, 719270, 238206, 474496]
economy : 7969599907, 100, 5, [467047, 238206, 474496]
economy : 9891637275, 99, 0, [901684, 856368, 507084]
business : 7428139677, 198, 1, [856368, 467047, 664851]
business : 6528711154, 97, 5, [238206, 719270]
business : 9409470932, 158, 1, [467047, 383885, 196824]
business : 6767715560, 164, 0, [901684, 856368, 238206]
economy : 5367448927, 103, 2, [474496, 901684, 507084]
economy : 6623292867, 74, 6, [474496, 196824]
economy : 9441654991, 143, 1, [901684, 474496, 507084, 664851]
business : 2683769596, 43, 0, [719270, 507084, 238206]
first : 2606369234, 184, 4, [238206, 467047]
economy : 4937067838, 75, 1, [383885, 719270, 474496, 507084]
economy : 7190662212, 63, 1, [664851, 719270, 196824]
economy : 7741578025, 111, 3, [196824, 856368, 238206]
economy : 2043733741, 79, 1, [196824, 664851, 467047]
economy : 8954445225, 124, 2, [474496, 467047, 719270, 196824]
first : 9752754952, 180, 1, [467047, 719270]
first : 8759887575, 87, 4, [474496, 507084]
luxury : 8831477227, 153, 5, [856368, 474496, 507084, 383885]
economy : 2355236889, 49, 3, [664851, 507084, 467047]
economy : 6851789529, 150, 1, [719270, 196824, 467047]
economy : 2930763644, 42, 4, [664851, 901684, 383885]
business : 1771523781, 124, 6, [901684, 719270, 507084, 474496]
economy : 5772566251, 41, 1, [467047, 383885, 507084, 196824]
economy : 7329644915, 68, 2, [507084, 856368]
business : 3010921120, 164, 0, [719270, 664851, 196824, 507084]
economy : 2819091616, 62, 0, [856368, 467047, 474496]
economy : 8975746489, 155, 1, [196824, 238206, 474496]
economy : 8349492424, 168, 1, [507084, 856368, 719270, 196824]
economy : 6727591501, 188, 3, [238206, 664851, 507084, 467047]
economy : 1081709368, 140, 0, [664851, 507084, 467047]
economy : 4285266135, 159, 2, [383885, 196824, 507084, 467047]
economy : 8265822282, 97, 3, [507084, 238206, 719270, 856368]
business : 7308025784, 96, 1, [901684, 474496]
economy : 1838837864, 57, 2, [507084, 719270, 383885, 467047]
economy : 3516037271, 70, 7, [664851, 507084]
business : 7912977145, 40, 0, [238206, 507084]
economy : 7007613806, 109, 3, [856368, 719270, 507084]
economy : 1081558208, 129, 0, [474496, 719270]
economy : 1472178523, 187, 2, [467047, 901684, 238206, 383885]
economy : 9956031975, 48, 2, [856368, 719270]
economy : 2907062918, 80, 1, [467047, 664851, 901684, 238206]
economy : 6432532776, 97, 2, [383885, 507084, 901684]
economy : 4392096120, 77, 2, [719270, 238206, 664851]
economy : 5443471343, 42, 6, [383885, 196824, 474496]
business : 6093695578, 141, 2, [664851, 196824, 474496]
economy : 9598920655, 86, 7, [238206, 901684, 664851, 383885]
business : 9365840539, 85, 1, [467047, 719270, 474496, 901684]
economy : 2538199412, 45, 1, [719270, 196824, 507084]
economy : 7705308438, 173, 2, [664851, 901684]
first : 5580120544, 200, 1, [474496, 664851, 856368]
business : 5646025137, 52, 1, [196824, 507084, 664851, 474496]
economy : 4926253868, 183, 1, [719270, 664851]
economy : 1777038187, 78, 1, [901684, 196824]
economy : 5476283505, 113, 10, [196824, 901684]
economy : 2611921149, 54, 9, [664851, 856368, 196824]
economy : 1045963571, 48, 1, [474496, 719270, 664851, 196824]
business : 9154544621, 57, 3, [467047, 901684]
business : 9817895658, 55, 0, [474496, 383885, 467047]
business : 8298190485, 68, 3, [383885, 474496, 901684]
business : 6812577524, 187, 0, [474496, 467047]
economy : 2389610758, 57, 1, [664851, 856368, 238206, 383885]
economy : 3246045507, 63, 2, [196824, 507084]
first : 9899964321, 136, 2, [664851, 238206, 383885]
economy : 6846390544, 176, 4, [383885, 238206, 467047]
economy : 7708036374, 41, 1, [467047, 901684, 474496, 383885]
economy : 9612670755, 196, 1, [856368, 196824]
economy : 2584023999, 106, 1, [664851, 901684, 856368]
economy : 6711519861, 106, 5, [664851, 383885]
economy : 9286005456, 42, 1, [238206, 467047, 507084]
economy : 7932593458, 110, 1, [196824, 901684, 383885, 238206]
first : 3897855348, 65, 6, [901684, 383885, 196824]
economy : 2851469003, 151, 2, [383885, 474496, 507084, 901684]
economy : 7846915917, 66, 1, [664851, 196824]
business : 7487416473, 80, 3, [856368, 383885]
business : 3327504494, 41, 0, [383885, 467047, 196824]
business : 5091760598, 102, 0, [238206, 901684]
first : 4439336054, 152, 1, [196824, 664851, 383885, 238206]
economy : 8904241319, 102, 2, [507084, 196824, 664851]
economy : 4750016356, 94, 8, [238206, 507084, 467047]
economy : 8539341029, 169, 3, [719270, 901684, 196824, 507084]
business : 9002336335, 61, 1, [383885, 507084]
economy : 6707539719, 155, 1, [383885, 238206]
business : 1154196003, 172, 0, [383885, 467047, 901684, 196824]
business : 5490115195, 192, 1, [664851, 507084]
economy : 6489742053, 106, 1, [719270, 507084, 474496]
business : 4249400230, 41, 3, [901684, 474496, 507084]
first : 8599873161, 71, 4, [664851, 196824]
economy : 9631701159, 72, 1, [467047, 238206, 474496, 383885]
business : 4800066429, 159, 3, [856368, 664851, 196824, 901684]
economy : 7628656039, 54, 3, [383885, 467047, 196824]
economy : 4063963460, 180, 1, [467047, 196824, 383885]
economy : 5832982595, 166, 0, [664851, 238206]
business : 3298376988, 176, 2, [238206, 383885]
economy : 7001314688, 200, 2, [856368, 467047, 196824, 664851]
economy : 7651211006, 45, 1, [856368, 664851]
economy : 7092523429, 53, 9, [507084, 719270, 474496, 383885]
economy : 2135761098, 193, 1, [719270, 507084]
economy : 5366240992, 78, 0, [856368, 383885]
business : 2614049456, 71, 0, [901684, 507084]
economy : 5672255588, 155, 1, [507084, 238206, 196824]
economy : 6022358790, 171, 1, [901684, 383885]
economy : 4720977606, 142, 1, [664851, 196824, 719270, 467047]
business : 9329895089, 66, 1, [719270, 196824, 474496]
economy : 4396723964, 99, 3, [474496, 719270, 196824, 507084]
economy : 5881128812, 158, 2, [196824, 238206, 856368, 474496]
business : 1177277785, 136, 1, [664851, 856368]
business : 1821343311, 147, 3, [238206, 664851, 467047, 196824]
business : 5884749627, 177, 1, [901684, 719270, 238206, 467047]
business : 3962200862, 180, 1, [856368, 507084, 383885, 719270]
economy : 2063230684, 48, 2, [238206, 719270, 664851, 467047]
economy : 3252575016, 122, 4, [664851, 383885, 238206]
economy : 9071834739, 62, 0, [383885, 467047, 664851, 719270]
first : 2172495186, 105, 0, [664851, 719270]
economy : 5887173061, 43, 1, [474496, 719270]
economy : 7377982608, 74, 0, [664851, 238206]
economy : 1537280076, 145, 1, [664851, 719270, 507084]
business : 3249073101, 158, 1, [474496, 467047, 238206, 719270]
economy : 3392527393, 156, 1, [507084, 901684, 719270, 664851]
business : 7312504921, 156, 2, [383885, 901684, 507084, 474496]
economy : 5681879309, 167, 4, [474496, 196824, 238206, 856368]
economy : 1732215611, 195, 1, [856368, 196824, 507084]
economy : 1657565366, 80, 1, [507084, 383885, 719270]
economy : 4319806399, 171, 4, [507084, 474496]
economy : 4100453243, 185, 1, [664851, 856368, 719270]
economy : 3359065068, 166, 1, [196824, 856368]
economy : 6555587504, 190, 1, [664851, 196824]
economy : 6122805843, 84, 4, [467047, 383885, 196824]
economy : 4624605572, 85, 1, [196824, 664851, 474496]
economy : 4258129511, 99, 3, [901684, 507084]
economy : 4454089178, 172, 0, [196824, 474496]
business : 3209831615, 76, 1, [196824, 238206]
business : 2104471263, 157, 3, [238206, 474496, 507084]
economy : 2224856446, 145, 5, [238206, 383885]
economy : 6683062398, 48, 1, [383885, 901684, 856368, 719270]
economy : 9079412203, 50, 2, [238206, 507084, 856368]
first : 4308305937, 72, 0, [238206, 856368]
business : 4552569611, 84, 7, [383885, 856368, 467047, 507084]
economy : 7128825839, 187, 2, [901684, 474496, 856368]
economy : 5713566582, 51, 4, [196824, 507084, 856368, 467047]
first : 5595974066, 151, 4, [901684, 474496, 238206]
economy : 5983875623, 60, 8, [856368, 474496, 467047, 383885]
economy : 3762642100, 174, 1, [238206, 467047, 474496, 664851]
economy : 3740445147, 109, 0, [474496, 238206, 901684]
economy : 6038411865, 74, 1, [474496, 507084, 383885, 196824]
economy : 4509174671, 191, 2, [664851, 383885, 474496, 238206]
business : 5642900894, 165, 0, [238206, 664851, 507084, 719270]
first : 4790333949, 143, 2, [196824, 383885, 238206]
economy : 4217895004, 47, 2, [507084, 719270]
economy : 5283010010, 161, 0, [507084, 238206]
economy : 1559408368, 46, 9, [238206, 507084]
economy : 3825052187, 90, 2, [474496, 238206, 856368, 196824]
economy : 8947047371, 183, 4, [856368, 719270, 467047, 507084]
business : 6695812363, 147, 2, [719270, 507084]
economy : 6501857866, 114, 2, [474496, 507084, 196824]
business : 7610002712, 90, 1, [196824, 467047, 238206]
business : 6661922659, 97, 1, [474496, 196824]
economy : 8159965762, 135, 2, [196824, 383885, 664851]
economy : 3966070806, 148, 0, [238206, 664851]
economy : 7854756477, 166, 1, [719270, 467047, 474496, 196824]
economy : 3362673838, 174, 0, [383885, 507084]
economy : 3634359074, 65, 1, [196824, 474496, 238206]
business : 8330088818, 103, 2, [238206, 474496]
first : 4736013362, 165, 1, [238206, 856368, 196824, 664851]
luxury : 8169729083, 44, 9, [856368, 474496]
economy : 1629646959, 41, 1, [856368, 901684]
business : 8612380427, 112, 2, [467047, 238206]
economy : 4213894663, 158, 1, [238206, 196824, 901684, 507084]
economy : 9402522017, 160, 1, [474496, 856368]
business : 1897940747, 132, 1, [901684, 238206, 719270]
economy : 3213786356, 46, 2, [719270, 856368, 474496, 901684]
economy : 4399539084, 94, 2, [901684, 474496, 664851, 238206]
economy : 1278929141, 188, 2, [474496, 664851, 196824]
economy : 4907043926, 40, 3, [196824, 664851, 856368, 719270]
economy : 1774137841, 131, 1, [664851, 719270]
economy : 7339477916, 148, 4, [901684, 196824, 238206, 664851]
economy : 7076749114, 188, 1, [474496, 467047, 238206]
economy : 3718204658, 186, 1, [474496, 856368, 467047]
economy : 8276755597, 84, 2, [719270, 467047]
business : 9144246723, 111, 1, [474496, 664851]
economy : 9550014896, 122, 0, [856368, 507084, 196824, 474496]
economy : 8945715732, 188, 1, [719270, 664851, 507084, 196824]
luxury : 5469150437, 69, 10, [467047, 507084, 856368, 474496]
economy : 1725762901, 119, 3, [467047, 901684]
economy : 5804994830, 159, 0, [474496, 507084, 238206]
economy : 2026952269, 78, 0, [238206, 507084, 467047]
economy : 7061093632, 177, 5, [901684, 383885, 664851]
economy : 9139753750, 172, 2, [383885, 719270, 474496, 196824]
economy : 3521489964, 116, 1, [196824, 901684, 474496]
economy : 1775979498, 68, 2, [474496, 383885, 238206, 856368]
economy : 5846174150, 175, 1, [901684, 467047, 196824, 507084]
economy : 3902737123, 196, 0, [856368, 719270, 383885]
economy : 8572959684, 197, 1, [196824, 664851]
business : 5563188441, 130, 1, [383885, 196824, 238206, 664851]
economy : 5756588478, 135, 9, [196824, 507084, 664851, 238206]
economy : 3974475041, 169, 2, [901684, 856368]
economy : 5550210557, 160, 2, [474496, 196824]
business : 6011870518, 152, 0, [474496, 196824]
luxury : 2832762292, 97, 0, [719270, 467047, 507084, 664851]
first : 8013946864, 170, 1, [196824, 474496, 664851, 719270]
economy : 8310166552, 119, 1, [664851, 467047]
economy : 5095093195, 181, 10, [901684, 238206]
economy : 7973663393, 101, 2, [507084, 238206, 719270]
business : 5712436983, 107, 3, [507084, 901684, 664851]
business : 2735442690, 74, 1, [856368, 901684]
economy : 3904226232, 165, 1, [901684, 196824, 383885, 856368]
economy : 7449488190, 68, 1, [507084, 383885, 901684, 196824]
business : 4299549435, 128, 1, [719270, 507084, 196824]
business : 6713030106, 196, 3, [719270, 474496, 901684]
economy : 6940604953, 165, 1, [467047, 856368]
business : 7894057618, 73, 2, [238206, 474496, 719270]
business : 5478371736, 137, 0, [507084, 474496, 238206]
economy : 6144396658, 40, 5, [383885, 474496, 196824]
luxury : 4168623986, 169, 1, [507084, 664851]
economy : 8986087038, 108, 1, [474496, 719270]
economy : 9904802251, 64, 4, [507084, 467047, 901684]
economy : 5501201910, 45, 1, [719270, 383885, 467047, 474496]
first : 4569092598, 93, 4, [901684, 664851]
first : 9451203892, 193, 1, [856368, 467047, 507084, 383885]
business : 3443455029, 178, 0, [719270, 901684]
economy : 5500621293, 115, 1, [507084, 856368, 196824]
economy : 6898121913, 126, 0, [474496, 664851, 238206]
economy : 3889854587, 85, 2, [474496, 664851]
economy : 7835361160, 185, 2, [901684, 467047, 664851, 383885]
economy : 1433415070, 57, 0, [467047, 238206]
economy : 2388773487, 172, 1, [238206, 901684, 719270]
business : 7493706043, 41, 3, [467047, 856368, 507084, 474496]
economy : 1906243356, 70, 5, [901684, 467047]
business : 9106307298, 140, 6, [383885, 196824, 507084]
economy : 2381482032, 124, 2, [474496, 719270, 196824, 467047]
economy : 4244069446, 74, 1, [719270, 467047, 664851]
economy : 6178485043, 177, 0, [901684, 196824, 474496, 238206]
economy : 2031349962, 161, 4, [196824, 719270, 474496]
business : 3815992595, 122, 2, [238206, 196824, 474496, 664851]
economy : 7912426675, 138, 2, [507084, 383885]
economy : 7053216188, 171, 0, [664851, 238206, 901684]
business : 8321800611, 68, 1, [719270, 467047, 196824]
economy : 6788505790, 50, 5, [238206, 719270, 196824, 383885]
economy : 2372683580, 69, 2, [507084, 664851]
economy : 2020992743, 80, 2, [238206, 196824, 719270, 383885]
economy : 4150512370, 80, 1, [383885, 196824]
economy : 6805444232, 142, 0, [719270, 901684, 383885]
economy : 6840044239, 89, 1, [238206, 719270, 467047, 856368]
economy : 7823376818, 73, 2, [383885, 856368, 901684, 238206]
economy : 7810127342, 172, 3, [474496, 719270, 383885]
luxury : 2784297767, 152, 2, [719270, 383885]
economy : 3955641263, 174, 2, [383885, 507084, 901684]
economy : 5320156299, 85, 7, [719270, 238206, 856368]
business : 9300787026, 190, 3, [474496, 719270, 196824, 664851]
economy : 2943233055, 72, 2, [856368, 664851, 719270, 467047]
economy : 8897702407, 95, 6, [467047, 719270, 474496, 507084]
business : 8899278242, 148, 1, [196824, 664851, 719270, 474496]
economy : 7169478346, 172, 1, [474496, 507084]
economy : 1576045265, 152, 0, [238206, 196824, 474496]
business : 7284019802, 87, 5, [719270, 856368, 507084]
business : 1751563273, 169, 0, [719270, 507084, 664851]
business : 2238052350, 120, 2, [238206, 901684, 507084]
economy : 5071218545, 144, 5, [507084, 856368, 467047, 901684]
economy : 6285536545, 184, 2, [467047, 664851, 196824, 719270]
economy : 7308883505, 120, 4, [474496, 901684, 238206]
economy : 6255554349, 89, 2, [196824, 856368, 507084, 467047]
business : 5268428083, 137, 3, [196824, 664851, 719270, 474496]
first : 9738666755, 137, 2, [856368, 664851, 901684, 383885]
economy : 2658776401, 52, 4, [664851, 474496, 856368, 507084]
economy : 3109614145, 195, 8, [507084, 474496, 196824]
economy : 6933724466, 78, 3, [196824, 474496]
economy : 1543496732, 77, 2, [467047, 196824, 719270, 507084]
first : 9615458229, 52, 0, [196824, 238206]
economy : 9945164005, 145, 10, [901684, 383885, 474496]
economy : 1309119540, 122, 1, [719270, 856368, 238206]
economy : 4114798772, 102, 1, [383885, 507084, 664851, 719270]
economy : 9653849461, 138, 10, [238206, 383885, 507084]
economy : 4063817494, 169, 1, [664851, 901684, 467047, 474496]
economy : 9199810838, 195, 0, [901684, 467047]
economy : 4378122002, 111, 2, [238206, 383885, 474496, 719270]
economy : 5540853716, 110, 9, [467047, 383885]
business : 5981320350, 143, 2, [901684, 507084]
economy : 3278641367, 137, 3, [507084, 383885, 196824]
economy : 7134593175, 180, 0, [856368, 467047, 719270, 901684]
business : 5319605078, 121, 1, [856368, 901684, 383885, 467047]
economy : 9279297406, 84, 2, [474496, 901684, 664851]
business : 9005857405, 136, 3, [383885, 856368]
economy : 5274176752, 51, 1, [901684, 664851]
economy : 2095808806, 131, 0, [383885, 901684]
economy : 1165319769, 198, 1, [474496, 467047]
business : 1052527888, 172, 1, [901684, 507084, 664851]
economy : 2176489853, 47, 0, [901684, 467047]
business : 9506471700, 95, 0, [507084, 719270, 474496, 664851]
economy : 3347522548, 66, 3, [719270, 467047]
business : 4737156658, 105, 2, [474496, 719270, 664851, 467047]
economy : 6284879238, 179, 2, [238206, 474496, 856368, 719270]
economy : 8189520648, 179, 6, [856368, 467047]
economy : 4039448744, 154, 2, [719270, 901684, 383885]
economy : 9071986150, 102, 0, [664851, 467047, 474496, 196824]
business : 4852127318, 72, 5, [383885, 507084, 901684]
economy : 2816230676, 123, 5, [383885, 467047, 664851, 507084]
economy : 8371504278, 83, 3, [474496, 383885, 238206]
economy : 6334601327, 103, 2, [664851, 467047]
economy : 4861542527, 189, 2, [474496, 664851]
economy : 6634379284, 73, 2, [507084, 474496, 196824]
business : 6492013617, 153, 0, [238206, 474496, 383885, 507084]
business : 1868270766, 138, 2, [474496, 238206, 467047]
economy : 3064132558, 180, 1, [383885, 196824]
economy : 8086744327, 87, 5, [238206, 474496]
economy : 3215234849, 179, 1, [719270, 238206, 467047, 383885]
business : 1930994366, 198, 2, [856368, 238206, 507084]
economy : 1935033674, 152, 2, [664851, 507084, 856368, 196824]
economy : 4313549241, 61, 5, [196824, 467047]
economy : 6764799588, 175, 1, [474496, 507084]
economy : 7327768400, 96, 2, [383885, 467047, 856368]
economy : 7068417243, 112, 3, [719270, 474496, 901684, 196824]
economy : 7225501988, 45, 1, [901684, 474496]
business : 9375122367, 118, 2, [383885, 664851]
economy : 3230040482, 152, 2, [383885, 238206, 719270]
economy : 2908804428, 113, 0, [507084, 856368]
business : 9603401152, 154, 4, [856368, 664851, 238206]
economy : 3414491124, 196, 1, [507084, 719270, 901684, 383885]
economy : 1891614152, 86, 2, [383885, 507084]
first : 4567645291, 65, 3, [901684, 507084, 196824, 719270]
first : 3227729768, 82, 1, [719270, 474496]
economy : 9877912601, 72, 2, [238206, 664851, 719270, 467047]
business : 6986094252, 47, 1, [238206, 901684, 507084]
economy : 2427037186, 87, 2, [383885, 507084, 856368, 664851]
luxury : 8549534545, 64, 5, [719270, 474496, 383885, 507084]
business : 1584998478, 140, 1, [856368, 238206]
business : 8674566597, 105, 4, [383885, 196824, 238206]
business : 9309585375, 43, 4, [383885, 507084, 467047]
business : 7754194453, 177, 0, [856368, 467047, 196824]
economy : 1970220411, 87, 1, [507084, 901684, 196824]
business : 9158970519, 106, 1, [719270, 474496, 383885]
business : 2202078858, 66, 2, [719270, 664851, 238206]
economy : 9065755717, 117, 1, [664851, 901684, 196824]
business : 9278937413, 171, 2, [196824, 238206]
economy : 9183583192, 160, 4, [507084, 383885, 474496, 719270]
economy : 1771936486, 71, 1, [474496, 664851, 719270, 383885]
business : 4005556699, 164, 1, [383885, 238206]
economy : 6819307605, 95, 2, [196824, 238206, 856368, 474496]
economy : 3376928370, 63, 3, [196824, 901684, 467047, 719270]
economy : 5235996143, 61, 0, [507084, 901684]
economy : 9295436669, 52, 2, [467047, 664851, 474496]
business : 3001715420, 145, 3, [901684, 238206]
business : 7254869726, 81, 7, [474496, 383885, 238206, 196824]
economy : 8290677488, 126, 1, [474496, 467047, 719270, 856368]
business : 1350542040, 102, 3, [719270, 238206, 467047]
economy : 9357975550, 77, 3, [196824, 383885, 664851, 901684]
economy : 5396786570, 141, 1, [474496, 856368, 238206, 719270]
economy : 2336905555, 159, 6, [664851, 856368]
business : 9118256140, 140, 2, [474496, 901684, 507084, 238206]
economy : 5898586878, 180, 8, [196824, 901684]
economy : 5794151256, 123, 0, [196824, 901684, 719270, 238206]
economy : 8179996575, 161, 2, [467047, 507084]
economy : 5296387202, 72, 2, [664851, 383885]
business : 9536314569, 165, 1, [664851, 474496]
luxury : 9357610451, 132, 1, [467047, 196824, 507084, 238206]
economy : 8667429736, 161, 1, [901684, 196824, 856368, 474496]
economy : 2572771046, 127, 0, [719270, 196824, 467047, 238206]
economy : 3825521666, 122, 1, [467047, 507084, 238206]
economy : 4902996270, 107, 4, [474496, 383885, 467047, 664851]
first : 3811520314, 151, 1, [719270, 383885, 467047]
economy : 8297810998, 197, 0, [238206, 383885]
business : 6850553411, 92, 1, [196824, 856368, 719270]
economy : 3877451939, 88, 4, [856368, 383885, 664851, 474496]
business : 9290028800, 193, 1, [467047, 719270]
business : 2852126273, 112, 8, [507084, 664851, 238206, 383885]
economy : 5004765858, 40, 1, [664851, 467047, 719270]
economy : 5912183008, 79, 1, [238206, 507084]
business : 6064539493, 93, 0, [238206, 474496, 856368, 901684]
economy : 9034252318, 163, 2, [664851, 474496, 467047]
first : 1265536239, 117, 0, [474496, 664851, 719270]
business : 7119591247, 161, 6, [507084, 238206, 474496, 719270]
economy : 9531312160, 96, 3, [383885, 238206]
business : 5986240003, 45, 3, [383885, 238206]
economy : 4616256421, 156, 0, [507084, 664851]
economy : 8916642283, 83, 2, [383885, 467047, 474496]
economy : 2249187865, 157, 3, [664851, 719270, 196824]
economy : 9715737011, 138, 6, [507084, 856368, 467047, 383885]
business : 4945890657, 92, 9, [901684, 467047, 196824]
economy : 3285108830, 198, 2, [719270, 856368]
economy : 1454054741, 191, 3, [467047, 507084, 856368]
business : 4360125892, 64, 4, [467047, 664851, 719270]
business : 6763830052, 51, 0, [383885, 664851, 196824, 856368]
business : 1568574218, 175, 2, [238206, 507084]
economy : 2777287500, 165, 2, [856368, 901684, 383885, 196824]
economy : 1180114409, 133, 2, [383885, 238206]
economy : 7983062883, 110, 10, [474496, 507084]
economy : 2676325674, 197, 2, [664851, 719270]
business : 9782070387, 181, 4, [664851, 383885]
economy : 2982008798, 200, 4, [719270, 507084]
economy : 6716374562, 179, 1, [238206, 856368, 474496]
economy : 6933797605, 110, 9, [238206, 719270, 383885, 901684]
economy : 7014343341, 96, 2, [474496, 383885, 467047, 901684]
economy : 4107986142, 112, 1, [383885, 901684]
economy : 7094672758, 56, 2, [901684, 467047, 856368, 196824]
economy : 9655679548, 195, 1, [383885, 901684, 856368, 238206]
economy : 4713346404, 179, 2, [664851, 719270, 383885]
economy : 6918929851, 75, 2, [238206, 474496, 664851, 467047]
business : 1232018774, 48, 3, [474496, 196824, 507084]
economy : 1889282211, 121, 2, [507084, 238206, 474496, 664851]
business : 3432590617, 131, 1, [474496, 467047]
economy : 4125990406, 187, 2, [856368, 719270, 474496]
economy : 2243236406, 172, 3, [901684, 507084, 856368, 238206]
economy : 5478037823, 81, 1, [901684, 383885, 507084, 196824]
economy : 2595033163, 103, 5, [719270, 856368, 196824]
business : 6488399525, 161, 0, [507084, 664851]
economy : 5116870015, 125, 4, [901684, 719270, 664851]
economy : 7156292061, 160, 1, [383885, 856368, 719270]
economy : 4095124438, 154, 2, [901684, 474496, 664851, 507084]
economy : 1143016813, 70, 2, [507084, 719270, 901684, 474496]
business : 4457595063, 130, 0, [664851, 507084]
business : 8185833793, 151, 2, [719270, 901684, 383885]
business : 2675561463, 184, 1, [467047, 856368, 238206, 383885]
economy : 9475750742, 127, 0, [901684, 856368, 196824]
economy : 1228187459, 67, 0, [474496, 901684, 507084]
luxury : 3436169748, 120, 3, [196824, 664851, 719270, 856368]
business : 9767285833, 132, 2, [196824, 856368, 467047, 664851]
business : 5363224557, 40, 2, [196824, 474496, 856368]
business : 3594529882, 152, 2, [719270, 238206, 507084, 856368]
economy : 7439171787, 175, 5, [383885, 238206, 196824, 507084]
business : 2203484964, 145, 2, [901684, 474496, 856368, 507084]
economy : 6377963525, 43, 0, [238206, 383885, 901684, 856368]
business : 6251739031, 118, 5, [474496, 467047, 383885, 664851]
business : 4244141864, 89, 1, [719270, 474496, 196824]
economy : 4294479508, 113, 5, [901684, 719270, 196824]
economy : 3109092697, 178, 1, [383885, 901684, 196824]
business : 6817538432, 42, 2, [901684, 664851]
economy : 3609156088, 145, 1, [856368, 507084, 238206, 474496]
economy : 6236140901, 118, 6, [719270, 507084, 383885]
business : 9615777412, 144, 1, [901684, 196824, 507084]
first : 4962094178, 91, 2, [238206, 383885]
business : 1715749643, 40, 0, [474496, 664851]
economy : 6430701385, 103, 4, [467047, 856368, 664851, 474496]
economy : 3713499396, 172, 2, [719270, 467047]
economy : 5498146060, 171, 3, [383885, 238206, 196824]
economy : 8377402939, 171, 2, [196824, 383885]
economy : 2389104327, 54, 0, [664851, 856368]
economy : 6049674435, 91, 2, [901684, 196824, 664851, 507084]
economy : 4215897962, 60, 1, [196824, 238206, 664851, 901684]
economy : 9551490661, 179, 2, [383885, 474496]
business : 7385599237, 67, 1, [196824, 467047, 507084]
economy : 2225338112, 159, 4, [238206, 474496, 856368]
economy : 8455007689, 131, 2, [383885, 467047, 856368, 474496]
economy : 9896808111, 78, 0, [856368, 196824]
economy : 6236382554, 190, 1, [856368, 383885, 196824, 901684]
economy : 3374423921, 158, 1, [507084, 196824, 719270, 856368]
economy : 9364774679, 111, 2, [196824, 719270, 383885]
economy : 6213686659, 170, 2, [856368, 196824, 901684, 238206]
economy : 1511030423, 162, 0, [719270, 507084, 383885, 196824]
business : 4135221225, 47, 2, [507084, 664851, 719270, 383885]
economy : 5304895905, 47, 2, [474496, 901684, 664851]
business : 5795985901, 110, 1, [383885, 238206]
economy : 7013077789, 173, 1, [196824, 719270]
economy : 1342660993, 88, 2, [383885, 664851, 901684, 196824]
economy : 5358944444, 81, 1, [719270, 238206, 856368, 467047]
business : 1122480063, 192, 1, [467047, 507084, 474496, 196824]
economy : 7144203831, 99, 1, [467047, 196824]
economy : 9072920748, 88, 1, [856368, 467047, 238206]
economy : 1707511096, 179, 2, [856368, 238206, 474496, 901684]
economy : 8200778889, 85, 3, [467047, 856368, 474496, 901684]
business : 3077029902, 185, 5, [901684, 196824]
first : 3476415082, 94, 5, [196824, 719270, 901684]
business : 4639599808, 181, 0, [467047, 383885]
economy : 1418195479, 110, 0, [664851, 507084, 238206]
economy : 6911316490, 197, 2, [856368, 383885, 474496]
economy : 8346172126, 62, 1, [474496, 196824, 901684]
business : 7034778752, 167, 0, [901684, 719270, 507084, 664851]
economy : 5677275591, 153, 2, [383885, 196824]
economy : 6074485723, 69, 7, [507084, 383885, 901684]
economy : 6381148197, 94, 1, [719270, 196824]
economy : 2489300355, 77, 2, [664851, 474496, 467047, 507084]
economy : 7617096124, 131, 2, [196824, 856368, 507084, 719270]
economy : 5887497135, 104, 6, [901684, 474496]
economy : 9530243372, 140, 1, [474496, 238206, 383885, 196824]
business : 1251148180, 55, 8, [664851, 238206, 467047]
luxury : 6206190154, 192, 1, [664851, 238206]
first : 5461695519, 149, 1, [467047, 901684, 507084]
business : 7733839270, 122, 1, [901684, 383885, 238206]
economy : 1996275726, 178, 1, [901684, 664851]
business : 9576802802, 57, 1, [383885, 196824, 856368]
economy : 5890766731, 138, 3, [664851, 507084, 238206, 467047]
luxury : 5051169128, 58, 1, [238206, 474496, 719270]
business : 1056838930, 117, 3, [664851, 238206, 383885]
business : 2357680825, 140, 5, [856368, 238206, 467047]
economy : 4220317397, 98, 3, [507084, 664851, 856368, 474496]
economy : 5934044285, 122, 8, [238206, 507084]
business : 7024802343, 42, 0, [507084, 664851, 467047]
business : 5818768845, 142, 8, [238206, 196824, 719270, 507084]
economy : 8075233128, 199, 1, [196824, 719270, 474496, 383885]
economy : 7693622311, 61, 5, [856368, 467047, 238206]
