80 10 1613
11412 13927.5 13716 23400 6830
major : 949358, 593, 808, 48.95, 176000, 13
regional : 953709, 193, -232, 106.59, 147400, 11
regional : 277967, -237, 120, 82.28, 184600, 13
regional : 389880, 1849, -2219, 109.34, 192600, 18
major : 188613, -1114, -30, 76.34, 185500, 27
major : 195012, 2346, -2315, 65.34, 225250, 27
major : 965754, 1016, 2948, 64.57, 217500, 23
major : 701547, -2376, -761, 69.85, 125750, 13
regional : 770343, -3307, -531, 93.17, 129800, 18
regional : 529931, -418, -1328, 101.86, 124200, 12
economy : 6775172844, 163, 2, [770343, 188613]
economy : 9920257313, 181, 2, [389880, 188613, 195012]
economy : 7403754597, 56, 2, [389880, 770343]
economy : 4796482021, 143, 5, [770343, 389880, 953709, 188613]
first : 3219010959, 160, 2, [529931, 277967, 770343, 949358]
first : 3784313287, 45, 1, [389880, 195012, 529931]
economy : 3687851299, 103, 1, [965754, 195012, 949358]
first : 8686951617, 119, 2, [770343, 529931, 965754]
economy : 2672772824, 152, 1, [770343, 953709, 195012, 188613]
economy : 3266057474, 156, 2, [953709, 529931, 965754, 949358]
economy : 1494461572, 70, 0, [195012, 529931]
economy : 6592102993, 138, 3, [965754, 701547, 949358, 529931]
economy : 5559138464, 52, 0, [770343, 953709, 529931]
business : 9442336242, 64, 2, [770343, 195012]
economy : 6584001965, 144, 1, [701547, 949358, 195012]
business : 5968850810, 139, 1, [195012, 529931]
business : 3505533796, 195, 3, [188613, 195012]
business : 8899515175, 50, 0, [188613, 965754, 389880, 529931]
economy : 3401641718, 61, 6, [701547, 529931]
luxury : 8263052582, 50, 1, [701547, 529931, 188613, 389880]
economy : 8017075471, 59, 1, [188613, 529931]
economy : 3328443005, 44, 0, [389880, 965754, 188613]
economy : 9108241823, 74, 3, [188613, 277967]
business : 2675261951, 162, 3, [965754, 195012]
business : 4289100120, 162, 2, [188613, 195012]
first : 9987035323, 159, 10, [389880, 949358, 701547]
economy : 2063931253, 191, 0, [965754, 953709, 529931]
economy : 3902399512, 79, 1, [701547, 389880, 529931, 965754]
economy : 9799659555, 90, 8, [965754, 949358]
economy : 6318827033, 46, 2, [770343, 389880, 188613, 701547]
luxury : 7478651470, 48, 0, [195012, 389880]
economy : 7464443634, 193, 2, [770343, 195012, 965754]
economy : 5509712514, 198, 2, [389880, 529931, 195012]
economy : 7812349122, 77, 1, [277967, 195012, 949358, 188613]
economy : 2997712951, 44, 1, [701547, 188613, 949358]
business : 8244473796, 127, 2, [389880, 770343]
business : 9620740030, 180, 4, [965754, 188613]
economy : 1050269678, 105, 1, [529931, 949358, 389880]
economy : 8895235791, 197, 9, [965754, 389880]
business : 4307723281, 165, 1, [770343, 188613]
first : 8222738377, 132, 3, [529931, 277967, 770343, 701547]
economy : 8273046827, 84, 1, [277967, 188613]
economy : 5712589997, 186, 0, [770343, 701547, 277967]
economy : 1744871101, 172, 2, [949358, 953709, 701547, 195012]
economy : 7110161994, 49, 3, [953709, 949358, 188613, 529931]
economy : 4329974398, 105, 3, [953709, 701547, 529931]
economy : 3575922643, 121, 2, [389880, 770343, 949358]
economy : 2864339886, 83, 1, [389880, 770343, 701547, 965754]
economy : 9504815869, 58, 5, [188613, 965754, 949358, 953709]
economy : 8752791738, 102, 0, [701547, 389880]
economy : 7914647801, 58, 2, [949358, 770343, 389880, 965754]
economy : 1462455646, 167, 7, [188613, 277967]
economy : 8920350196, 185, 5, [188613, 770343, 195012]
business : 5044834058, 94, 2, [389880, 965754, 770343]
economy : 3271851028, 185, 2, [195012, 965754]
economy : 8434591743, 63, 8, [701547, 770343, 965754]
business : 6511064649, 181, 9, [949358, 195012]
luxury : 4759303640, 43, 5, [389880, 529931, 188613]
economy : 5726941907, 98, 0, [277967, 949358, 953709, 965754]
economy : 5314899688, 47, 2, [949358, 701547, 277967]
business : 3924711700, 43, 1, [195012, 701547]
first : 5985012110, 77, 2, [529931, 949358]
business : 6578505411, 71, 0, [965754, 188613, 953709]
economy : 4164028765, 177, 2, [953709, 965754]
economy : 1161650922, 191, 4, [389880, 770343]
economy : 5092227367, 128, 0, [195012, 389880]
business : 3533511172, 130, 5, [277967, 953709]
luxury : 6039214467, 56, 1, [188613, 195012, 701547, 949358]
economy : 7056459663, 176, 1, [770343, 953709]
economy : 9453629293, 200, 2, [277967, 770343, 701547, 953709]
business : 1682437937, 61, 6, [277967, 949358, 195012]
economy : 2608900621, 54, 1, [965754, 701547, 949358]
economy : 6501678116, 73, 1, [701547, 965754]
economy : 7258019349, 129, 1, [701547, 529931, 770343, 195012]
economy : 9452081498, 178, 2, [529931, 389880, 195012, 770343]
economy : 5853830607, 122, 0, [701547, 770343, 953709]
economy : 3683166881, 142, 1, [389880, 701547]
economy : 8497594096, 65, 5, [529931, 195012, 770343, 188613]
business : 8731874908, 78, 1, [389880, 965754]
economy : 4392191266, 177, 1, [770343, 277967, 701547, 389880]
economy : 6845067776, 121, 2, [389880, 701547]
business : 4390297097, 147, 2, [195012, 701547, 770343]
economy : 9476568912, 135, 0, [277967, 389880, 953709]
economy : 7755683478, 153, 1, [770343, 949358, 965754, 701547]
business : 1582941449, 193, 2, [188613, 277967, 953709, 965754]
first : 4584553401, 145, 2, [188613, 965754, 953709, 277967]
economy : 1597643305, 198, 0, [188613, 953709]
economy : 6698673887, 169, 3, [953709, 965754]
economy : 2060805526, 44, 2, [701547, 277967]
first : 7916765641, 184, 7, [965754, 188613, 529931]
economy : 7097960817, 141, 1, [195012, 770343, 529931, 188613]
economy : 2578533419, 47, 3, [389880, 277967, 949358, 529931]
economy : 8765380485, 121, 2, [529931, 949358]
economy : 9587883337, 58, 1, [529931, 949358, 701547, 389880]
business : 9566141083, 158, 2, [949358, 965754, 701547, 277967]
economy : 8752933278, 147, 9, [770343, 389880, 188613]
economy : 7095812937, 52, 0, [770343, 389880, 953709, 188613]
economy : 1402711308, 44, 1, [949358, 701547, 277967]
economy : 9736938108, 137, 0, [965754, 529931, 277967, 188613]
first : 4775091346, 187, 0, [389880, 188613]
economy : 1911214906, 167, 0, [277967, 770343, 389880]
luxury : 5634156329, 119, 3, [953709, 195012]
economy : 3330806903, 64, 3, [770343, 188613]
business : 2286814806, 99, 4, [195012, 277967]
business : 1212691385, 140, 2, [770343, 965754, 389880, 188613]
economy : 4939819345, 149, 0, [188613, 965754, 770343]
economy : 8877471855, 184, 10, [188613, 277967, 195012]
first : 1250410193, 145, 0, [965754, 701547, 277967]
economy : 1510472283, 134, 1, [701547, 953709, 770343, 529931]
economy : 9951208599, 181, 1, [953709, 188613]
economy : 4825731360, 167, 1, [188613, 965754, 953709, 277967]
economy : 5634201506, 199, 3, [770343, 701547, 195012, 188613]
economy : 6293227658, 185, 10, [949358, 529931, 277967, 701547]
economy : 4509784159, 164, 0, [188613, 529931]
economy : 8123328288, 101, 0, [277967, 701547, 953709, 188613]
economy : 4986211384, 68, 2, [949358, 389880, 195012, 965754]
economy : 9509584011, 128, 9, [953709, 529931, 389880]
economy : 3810651527, 187, 2, [195012, 770343, 949358]
economy : 5070867461, 151, 1, [389880, 195012, 188613, 529931]
economy : 1474577993, 74, 6, [195012, 701547]
economy : 1108012003, 86, 1, [953709, 529931, 195012, 949358]
economy : 9674937258, 159, 0, [195012, 949358, 770343]
economy : 2739972056, 42, 0, [965754, 770343, 701547]
economy : 4791382549, 88, 1, [953709, 770343, 389880, 195012]
economy : 5136465980, 134, 1, [529931, 188613, 195012, 701547]
economy : 8344260711, 144, 0, [965754, 949358, 529931]
economy : 9254656899, 144, 1, [529931, 277967, 195012]
economy : 7305998401, 117, 1, [949358, 188613, 701547, 277967]
economy : 5563862221, 150, 3, [389880, 965754, 195012]
economy : 1426745337, 62, 2, [389880, 701547, 770343]
economy : 6975834672, 52, 1, [389880, 949358, 965754]
economy : 1745116636, 74, 1, [770343, 195012]
economy : 4566095499, 152, 2, [949358, 389880, 529931]
economy : 2656589626, 119, 0, [389880, 965754, 701547, 195012]
economy : 4080186836, 122, 1, [195012, 529931, 949358, 277967]
economy : 3292384737, 158, 0, [701547, 770343, 389880]
economy : 4765331750, 78, 3, [277967, 188613, 195012, 965754]
economy : 1098952910, 108, 4, [389880, 770343, 965754]
economy : 3703639700, 120, 3, [188613, 949358, 701547]
first : 4914215741, 100, 9, [389880, 770343, 188613]
economy : 5397058701, 128, 1, [277967, 389880, 965754, 770343]
economy : 9363650162, 135, 9, [529931, 389880, 770343, 701547]
economy : 1307301553, 68, 0, [529931, 965754, 195012]
business : 1620838999, 103, 8, [188613, 195012]
business : 5975082119, 144, 2, [701547, 389880]
economy : 4195720382, 195, 6, [965754, 770343, 188613]
business : 5174656220, 81, 4, [529931, 953709]
luxury : 8598879796, 54, 1, [188613, 277967]
economy : 3796576213, 159, 1, [953709, 188613, 195012, 770343]
economy : 1154367820, 146, 2, [529931, 389880]
economy : 2065899899, 161, 3, [701547, 188613, 965754, 277967]
economy : 4427266050, 154, 3, [529931, 701547]
first : 7668433797, 79, 2, [529931, 277967, 195012, 389880]
business : 5522134241, 71, 2, [195012, 953709]
business : 3703915691, 174, 2, [389880, 195012, 949358]
business : 6117939867, 158, 10, [188613, 965754]
economy : 2926611763, 85, 1, [188613, 949358, 965754]
economy : 5129051497, 135, 1, [965754, 389880]
economy : 9779149666, 115, 3, [188613, 953709]
business : 1758341621, 58, 1, [529931, 701547, 953709, 188613]
business : 9671518716, 137, 5, [965754, 389880]
economy : 5767875480, 65, 2, [277967, 195012, 965754]
business : 8317242973, 44, 3, [195012, 529931]
business : 9069645380, 89, 1, [188613, 770343]
economy : 8612876831, 94, 1, [953709, 188613, 277967]
economy : 5626898452, 169, 6, [953709, 389880, 965754]
economy : 8564905682, 182, 2, [965754, 529931, 953709, 277967]
economy : 4057056500, 122, 3, [529931, 389880]
economy : 6571101243, 136, 1, [701547, 953709, 195012, 389880]
first : 6775139588, 131, 2, [953709, 188613]
economy : 2251076161, 56, 5, [953709, 277967, 965754, 770343]
business : 9511654581, 147, 2, [277967, 188613]
luxury : 2165359125, 102, 3, [701547, 529931, 770343]
economy : 5633509964, 56, 0, [953709, 965754, 389880, 701547]
business : 7966742848, 163, 3, [949358, 770343, 188613, 529931]
business : 4903260167, 57, 2, [965754, 701547]
business : 7939800293, 127, 2, [389880, 965754, 277967]
economy : 1046557476, 91, 2, [949358, 529931]
business : 3284553458, 131, 6, [965754, 949358, 277967]
business : 1601085292, 169, 0, [529931, 277967, 965754, 770343]
business : 1319736785, 76, 5, [277967, 949358, 529931, 701547]
business : 1993241769, 120, 1, [701547, 949358]
economy : 9638654173, 122, 2, [389880, 277967, 701547, 770343]
economy : 8850793089, 112, 0, [701547, 188613, 770343, 529931]
business : 7712963494, 198, 2, [529931, 770343, 188613]
business : 8447281047, 91, 4, [188613, 389880]
business : 6344163247, 173, 2, [953709, 195012, 188613]
economy : 5495421210, 40, 2, [389880, 965754]
economy : 1002556120, 98, 3, [953709, 701547]
economy : 8054782276, 107, 3, [188613, 770343, 195012, 529931]
economy : 3036531641, 61, 0, [965754, 770343]
economy : 9848723211, 157, 0, [277967, 949358, 701547]
economy : 6357060616, 147, 0, [701547, 965754, 277967, 949358]
economy : 7721052733, 91, 0, [953709, 965754]
business : 2536550865, 102, 1, [389880, 770343]
economy : 6263446103, 52, 1, [965754, 701547, 953709]
first : 4283620924, 138, 1, [701547, 389880, 188613, 770343]
economy : 8391273207, 48, 2, [389880, 949358]
economy : 3493419018, 55, 1, [389880, 188613]
economy : 2583026412, 127, 10, [953709, 701547]
economy : 6282409019, 158, 0, [949358, 701547, 770343]
economy : 6288736982, 110, 0, [277967, 953709]
luxury : 6996013324, 121, 2, [949358, 953709, 770343, 188613]
economy : 5393810661, 118, 2, [770343, 277967]
economy : 8617763010, 140, 4, [389880, 965754, 529931]
economy : 5612121542, 119, 10, [188613, 770343, 949358]
economy : 8074514085, 94, 2, [195012, 188613, 965754, 701547]
economy : 3258334254, 199, 2, [277967, 188613]
economy : 7277913302, 70, 9, [188613, 389880]
economy : 4506081585, 84, 7, [965754, 953709]
economy : 6708490806, 161, 2, [529931, 770343]
business : 4422034511, 194, 1, [949358, 770343]
business : 5150190932, 185, 2, [188613, 701547]
luxury : 3749809905, 44, 2, [277967, 770343]
business : 3278370334, 118, 7, [965754, 389880, 195012, 701547]
economy : 7158673104, 169, 0, [965754, 770343, 195012]
economy : 1031400923, 57, 3, [953709, 389880]
economy : 9825704899, 116, 0, [529931, 770343, 949358, 188613]
business : 7025788035, 199, 0, [770343, 965754]
economy : 6609713337, 179, 3, [277967, 953709]
business : 2151106642, 196, 4, [953709, 188613]
economy : 8579639895, 157, 1, [277967, 529931]
business : 5224639676, 44, 1, [277967, 195012, 949358]
business : 7925663720, 51, 3, [195012, 277967]
economy : 6367554387, 186, 1, [953709, 195012, 188613, 701547]
first : 3676919884, 183, 2, [770343, 277967]
economy : 5920543842, 54, 1, [389880, 188613, 953709]
business : 9840162082, 125, 1, [953709, 529931, 965754]
economy : 8145835626, 94, 1, [953709, 529931, 188613, 195012]
economy : 1393759522, 181, 1, [770343, 965754, 389880]
economy : 3022142645, 157, 1, [195012, 965754]
business : 4482224894, 146, 4, [188613, 949358, 529931]
business : 8322364869, 163, 3, [529931, 701547, 389880, 195012]
business : 3883578885, 87, 3, [770343, 389880, 953709]
economy : 6370012290, 92, 2, [389880, 188613, 529931, 949358]
first : 1902042485, 43, 1, [701547, 188613, 195012, 770343]
economy : 1798137384, 119, 0, [949358, 701547, 965754]
business : 7744945494, 108, 0, [701547, 965754, 188613]
economy : 7744125077, 94, 1, [277967, 529931, 195012, 949358]
economy : 5613139115, 47, 3, [701547, 195012]
economy : 2698564630, 132, 3, [389880, 770343, 195012, 277967]
economy : 1316261085, 127, 3, [949358, 965754, 188613]
economy : 4692591333, 190, 0, [188613, 389880]
economy : 7967834180, 76, 1, [949358, 965754, 701547]
business : 6205112446, 183, 2, [953709, 529931, 770343]
economy : 2336364744, 128, 2, [770343, 953709, 701547, 965754]
economy : 9566856505, 181, 1, [949358, 529931]
economy : 9558917064, 40, 2, [529931, 195012, 389880]
economy : 9824894812, 93, 10, [965754, 529931, 770343, 188613]
business : 1687226419, 172, 4, [195012, 277967, 965754]
economy : 1045625905, 114, 2, [529931, 965754]
first : 6773712111, 127, 2, [389880, 953709, 770343, 277967]
economy : 4757989089, 110, 0, [953709, 770343]
economy : 9031240214, 118, 1, [949358, 389880, 277967, 195012]
business : 9485962794, 170, 1, [965754, 770343]
economy : 9520803224, 168, 1, [529931, 701547, 188613, 195012]
economy : 7555518942, 53, 1, [277967, 949358, 529931]
business : 6378207296, 189, 1, [277967, 195012]
economy : 4935681776, 155, 1, [701547, 953709, 188613, 389880]
economy : 7534677125, 171, 1, [389880, 965754, 277967]
business : 7336633011, 58, 0, [277967, 188613, 953709]
economy : 2205474244, 131, 1, [195012, 188613, 277967, 701547]
business : 1742949354, 46, 5, [965754, 389880]
luxury : 9738301476, 70, 7, [701547, 770343, 529931, 277967]
business : 3763001443, 61, 6, [529931, 389880, 277967, 949358]
economy : 5615187886, 144, 1, [188613, 965754, 770343, 195012]
economy : 1831736823, 59, 1, [949358, 965754, 953709, 195012]
economy : 5537622861, 143, 1, [529931, 770343, 965754, 389880]
economy : 2603968288, 184, 4, [188613, 195012, 529931]
economy : 1959025479, 133, 1, [195012, 277967, 529931]
first : 1343566662, 154, 1, [953709, 277967]
economy : 3736968212, 183, 6, [949358, 529931, 188613]
economy : 1468337790, 163, 1, [965754, 949358, 188613]
business : 2449136526, 175, 0, [701547, 965754, 529931, 953709]
economy : 1465302654, 102, 4, [188613, 529931, 770343, 195012]
luxury : 1479715009, 162, 5, [389880, 277967]
economy : 9648943473, 143, 7, [701547, 953709, 529931]
economy : 4637309263, 163, 1, [701547, 770343, 188613, 949358]
business : 3027415701, 91, 0, [770343, 965754]
economy : 3365446214, 116, 2, [949358, 277967, 953709]
first : 9298514716, 96, 1, [770343, 965754, 389880]
economy : 4669740258, 64, 9, [949358, 195012, 953709]
business : 4035683913, 144, 1, [277967, 770343]
economy : 5775333724, 180, 1, [389880, 195012]
economy : 6656527703, 111, 2, [701547, 389880]
economy : 1048056259, 178, 1, [389880, 529931]
business : 3399487107, 168, 8, [965754, 188613]
first : 3633596534, 179, 0, [389880, 195012, 188613, 701547]
economy : 2105053112, 58, 5, [529931, 277967, 389880, 195012]
business : 2642484831, 187, 5, [277967, 949358]
economy : 3876128990, 165, 2, [195012, 701547, 389880, 770343]
business : 3889763989, 81, 4, [949358, 188613]
economy : 4632631005, 103, 6, [195012, 770343, 188613, 701547]
business : 9371598555, 165, 0, [195012, 770343, 953709]
economy : 1616302512, 66, 2, [949358, 188613, 195012, 953709]
economy : 4795084699, 90, 1, [953709, 965754, 701547, 529931]
economy : 6848175843, 51, 3, [529931, 195012, 188613]
economy : 6264414863, 152, 2, [965754, 949358, 188613]
first : 8457237271, 123, 3, [389880, 770343, 701547, 965754]
economy : 2481496031, 136, 3, [529931, 701547, 277967, 389880]
economy : 8568551862, 53, 2, [949358, 188613, 965754, 701547]
business : 5166766817, 99, 0, [188613, 953709, 195012, 965754]
economy : 5855111261, 72, 0, [949358, 953709, 529931]
economy : 6032142663, 135, 0, [277967, 953709, 965754]
economy : 8279970449, 176, 2, [770343, 701547, 277967, 188613]
economy : 3551649626, 140, 1, [389880, 949358, 277967, 701547]
first : 9244064572, 133, 0, [529931, 389880]
business : 3464382364, 132, 4, [529931, 277967, 389880]
economy : 4836638194, 78, 1, [949358, 195012, 188613]
first : 9287387677, 51, 0, [529931, 389880, 277967, 949358]
economy : 5714686156, 48, 2, [277967, 195012, 953709]
economy : 8928015896, 162, 2, [770343, 965754, 277967]
first : 6558656906, 193, 6, [188613, 949358, 277967, 965754]
economy : 9982511196, 180, 6, [949358, 195012, 701547]
business : 7264150565, 87, 4, [953709, 701547]
business : 1711507181, 73, 2, [188613, 389880, 195012]
economy : 6387597434, 52, 2, [188613, 389880, 953709, 965754]
economy : 4641242973, 88, 2, [529931, 953709]
business : 3236393211, 173, 3, [953709, 529931]
economy : 2488203537, 78, 1, [965754, 389880, 529931, 701547]
economy : 5528984517, 62, 1, [277967, 949358, 188613, 953709]
business : 4955207691, 198, 3, [953709, 770343]
economy : 3929695430, 161, 2, [701547, 953709]
economy : 9158873889, 125, 3, [701547, 770343]
economy : 6224912471, 127, 2, [529931, 195012, 770343, 277967]
luxury : 3014427084, 169, 2, [953709, 389880, 529931, 195012]
economy : 1596338147, 184, 3, [701547, 949358, 953709, 770343]
economy : 2798079421, 130, 4, [953709, 965754, 389880, 277967]
economy : 9027223134, 114, 1, [277967, 529931, 965754, 188613]
economy : 3162683542, 71, 3, [965754, 188613, 529931]
economy : 4356465777, 94, 8, [188613, 389880]
luxury : 9678838236, 82, 4, [770343, 389880, 529931]
economy : 5330510989, 176, 1, [277967, 953709, 965754]
business : 6050296435, 149, 1, [701547, 529931]
first : 3213079990, 162, 1, [277967, 701547, 949358]
economy : 5578871730, 191, 1, [195012, 770343]
business : 3393846913, 151, 2, [529931, 195012, 953709, 949358]
business : 3745249178, 149, 1, [965754, 953709, 188613]
business : 3529726736, 60, 2, [195012, 965754, 188613]
economy : 2908219524, 184, 7, [188613, 389880, 770343]
economy : 7642596374, 93, 5, [953709, 277967, 188613]
economy : 1762375030, 152, 1, [188613, 965754]
economy : 2916397571, 126, 1, [701547, 277967, 195012]
business : 9105956742, 134, 3, [195012, 965754, 949358, 277967]
business : 1528431712, 115, 6, [188613, 195012, 949358, 529931]
economy : 4497009871, 53, 0, [277967, 195012, 188613, 529931]
first : 8903959250, 64, 0, [965754, 949358, 195012]
business : 5251092900, 103, 0, [188613, 953709, 770343, 277967]
business : 5113219746, 162, 0, [195012, 188613]
economy : 7345556698, 113, 9, [953709, 195012]
economy : 2564757833, 97, 1, [770343, 965754, 277967]
business : 6541009141, 126, 1, [701547, 770343, 965754]
economy : 1231419376, 87, 0, [195012, 389880, 701547, 277967]
economy : 1427863500, 140, 0, [949358, 965754]
economy : 5835032316, 48, 1, [965754, 529931, 701547, 949358]
economy : 9576871251, 151, 0, [701547, 195012, 953709, 965754]
business : 7157085864, 196, 1, [953709, 701547, 770343]
economy : 5475087039, 91, 0, [953709, 965754, 389880, 529931]
luxury : 1006305334, 184, 1, [953709, 770343, 965754, 529931]
economy : 1528670257, 154, 4, [277967, 389880]
economy : 4194472116, 82, 0, [701547, 953709, 770343]
business : 3802502579, 170, 0, [701547, 529931, 389880]
economy : 9546371247, 144, 1, [953709, 188613, 965754]
economy : 9576563951, 83, 2, [953709, 529931]
business : 5322517215, 86, 9, [701547, 188613, 949358, 529931]
economy : 9656063813, 183, 2, [701547, 953709]
economy : 8318097389, 166, 1, [965754, 949358, 277967, 188613]
economy : 5518616305, 77, 0, [949358, 277967, 770343]
economy : 1361912445, 184, 0, [949358, 965754, 529931]
economy : 6199294886, 79, 2, [389880, 770343, 277967]
economy : 7720182335, 97, 0, [529931, 965754, 188613]
economy : 2911333237, 182, 1, [277967, 188613, 965754, 529931]
economy : 6409790912, 178, 1, [277967, 701547]
business : 2243437471, 140, 1, [529931, 277967]
economy : 3697021302, 78, 0, [949358, 770343, 953709]
business : 7023761337, 57, 0, [965754, 188613, 277967]
economy : 6392089459, 160, 0, [953709, 770343]
business : 2496018920, 85, 1, [949358, 277967, 529931]
economy : 1291069581, 84, 6, [953709, 277967, 701547]
business : 1292802335, 99, 2, [965754, 529931, 949358, 277967]
business : 2908556046, 92, 6, [195012, 389880, 529931, 277967]
business : 4071991950, 101, 4, [195012, 953709, 770343]
economy : 1470511743, 55, 2, [953709, 770343, 949358]
economy : 3720152901, 140, 3, [277967, 701547, 949358, 188613]
economy : 2231547758, 44, 2, [701547, 770343]
economy : 4747950164, 43, 2, [529931, 195012, 701547]
economy : 9838664075, 126, 1, [770343, 949358]
economy : 2453936366, 183, 9, [770343, 965754]
economy : 6590843436, 96, 1, [953709, 188613, 389880, 949358]
economy : 7142254457, 42, 2, [949358, 701547, 965754, 195012]
economy : 8814286562, 60, 2, [770343, 188613, 701547, 529931]
economy : 8115320751, 69, 1, [188613, 770343, 701547]
business : 4027767688, 151, 0, [188613, 949358]
economy : 1775702973, 65, 1, [965754, 770343, 195012]
business : 3371370222, 73, 2, [701547, 188613]
economy : 8061298500, 128, 0, [953709, 389880]
economy : 9881725878, 165, 2, [949358, 701547]
economy : 5929726852, 73, 0, [529931, 949358, 389880]
economy : 1887416335, 64, 0, [529931, 949358, 195012]
business : 7936734869, 178, 2, [195012, 965754]
economy : 1615671747, 77, 3, [701547, 770343, 195012, 277967]
business : 1593983353, 145, 1, [949358, 195012, 389880]
first : 2149332507, 147, 1, [277967, 389880, 949358, 188613]
business : 2054630572, 77, 1, [389880, 188613]
economy : 8380753704, 116, 2, [529931, 188613]
economy : 4799255672, 61, 0, [389880, 770343]
economy : 5153359803, 179, 2, [965754, 277967, 195012]
business : 6554011893, 112, 10, [770343, 277967, 529931, 949358]
business : 9195867867, 120, 1, [188613, 949358]
economy : 1325268268, 52, 2, [277967, 965754, 953709]
economy : 9578704933, 104, 1, [949358, 195012]
first : 9240056607, 121, 7, [953709, 701547, 277967]
first : 4175484413, 131, 0, [529931, 195012]
economy : 8028626921, 46, 4, [389880, 770343]
economy : 1002500176, 112, 1, [770343, 949358, 953709]
economy : 1768549345, 110, 8, [188613, 195012, 529931]
economy : 8039732719, 118, 1, [195012, 277967, 965754]
business : 8453809403, 40, 2, [529931, 701547, 965754, 277967]
business : 1660665244, 92, 3, [188613, 949358, 389880]
luxury : 6838295896, 119, 0, [949358, 701547, 529931, 188613]
economy : 8624263668, 198, 1, [953709, 195012, 529931]
economy : 4719376448, 182, 2, [277967, 953709]
first : 4205329519, 182, 3, [965754, 949358]
economy : 9978404436, 154, 4, [188613, 953709]
economy : 7068328455, 84, 1, [953709, 389880]
economy : 7271486446, 159, 2, [277967, 195012]
economy : 1101430071, 63, 1, [277967, 195012, 953709]
economy : 1522208459, 104, 0, [701547, 770343, 953709, 389880]
luxury : 6175919132, 70, 2, [965754, 953709, 389880]
economy : 1152099420, 50, 1, [770343, 188613, 277967, 195012]
economy : 4994675865, 104, 0, [953709, 770343]
economy : 8203126849, 156, 2, [965754, 770343, 188613]
luxury : 5060212526, 80, 1, [701547, 195012]
business : 2860733018, 152, 2, [188613, 529931]
economy : 2025898398, 82, 8, [770343, 949358]
economy : 7744286018, 118, 0, [953709, 188613, 701547]
economy : 6224160677, 107, 1, [195012, 965754, 188613]
economy : 5127012518, 77, 0, [965754, 389880, 701547, 949358]
economy : 4276321039, 127, 1, [949358, 701547, 277967, 770343]
economy : 4595143298, 148, 0, [188613, 529931, 949358]
business : 4710342735, 57, 2, [188613, 529931, 965754, 277967]
business : 7646854858, 173, 0, [701547, 953709, 188613, 529931]
economy : 4932015866, 106, 2, [965754, 188613, 195012, 389880]
economy : 7208305671, 107, 3, [188613, 949358, 953709]
economy : 6991069958, 191, 3, [701547, 389880, 965754, 770343]
business : 7306066354, 65, 1, [965754, 389880]
economy : 1996645069, 121, 2, [949358, 195012, 389880]
economy : 4270909622, 57, 4, [701547, 529931]
business : 4578208512, 64, 2, [770343, 277967, 965754]
economy : 8173736831, 143, 1, [195012, 953709, 770343, 389880]
economy : 4731801872, 176, 2, [277967, 770343, 949358, 953709]
economy : 9883276598, 42, 2, [770343, 188613]
economy : 5454481147, 137, 8, [770343, 965754, 953709]
first : 5259947720, 167, 2, [701547, 277967, 529931, 965754]
economy : 6813452426, 177, 1, [953709, 770343]
economy : 9980137332, 42, 2, [949358, 701547, 195012]
economy : 3210459618, 174, 1, [965754, 195012]
economy : 5398518964, 67, 1, [389880, 195012, 965754, 188613]
business : 7028222952, 117, 2, [770343, 701547]
economy : 7500385443, 168, 0, [277967, 701547, 965754]
economy : 6266187788, 183, 6, [188613, 770343, 953709, 701547]
economy : 7809527621, 64, 1, [965754, 949358]
economy : 7527288876, 142, 1, [529931, 277967]
economy : 5825380641, 151, 0, [701547, 770343, 389880]
economy : 7868490440, 158, 0, [195012, 529931, 965754]
economy : 9458670112, 86, 2, [949358, 195012, 965754, 529931]
economy : 4018793116, 186, 2, [949358, 953709, 529931]
business : 7802897021, 128, 1, [953709, 389880, 770343]
economy : 8455864986, 153, 1, [953709, 965754, 770343, 949358]
economy : 9820613107, 142, 9, [529931, 965754]
economy : 1127995096, 108, 2, [949358, 389880, 953709]
economy : 4543389125, 40, 0, [188613, 965754, 770343, 953709]
economy : 9705651026, 173, 2, [195012, 949358, 965754, 188613]
economy : 5982921187, 140, 2, [701547, 949358, 277967, 529931]
economy : 6040537826, 84, 6, [953709, 770343]
luxury : 6399648698, 78, 10, [195012, 188613, 965754]
business : 5875599208, 133, 3, [770343, 965754]
economy : 2755905760, 182, 0, [965754, 770343, 953709, 389880]
economy : 8368173574, 191, 2, [195012, 389880, 953709, 188613]
business : 9135127060, 137, 2, [953709, 389880, 195012]
economy : 8376879995, 93, 2, [701547, 389880]
first : 3700122886, 55, 1, [277967, 188613]
economy : 2537141330, 197, 2, [953709, 277967, 949358, 529931]
business : 2967265960, 55, 0, [953709, 965754]
economy : 2742997824, 128, 1, [770343, 949358, 195012]
economy : 4861468762, 42, 0, [949358, 701547]
luxury : 2392081480, 129, 6, [277967, 389880, 953709]
business : 3014862902, 84, 1, [188613, 770343, 529931, 949358]
business : 3515032163, 170, 1, [965754, 701547, 770343, 949358]
economy : 1040289068, 110, 0, [770343, 953709, 195012]
economy : 7929317504, 60, 4, [277967, 965754, 188613, 953709]
economy : 5143600790, 123, 3, [188613, 965754]
economy : 6776176460, 53, 1, [529931, 389880]
business : 5119495757, 161, 2, [701547, 965754, 953709, 529931]
economy : 3703270311, 147, 2, [770343, 529931, 953709]
economy : 2885611269, 139, 3, [770343, 188613, 529931, 389880]
economy : 8358754149, 129, 1, [701547, 188613, 389880]
business : 6674399382, 116, 2, [188613, 277967]
economy : 8715162805, 61, 2, [965754, 277967]
economy : 1206798631, 122, 2, [529931, 701547, 277967]
business : 3020255447, 180, 0, [529931, 277967, 188613, 965754]
economy : 5957967396, 179, 2, [953709, 529931, 965754]
economy : 6735395931, 180, 0, [195012, 953709]
economy : 4842119926, 46, 1, [529931, 389880]
business : 2554073480, 48, 0, [195012, 188613, 770343]
economy : 2121764964, 116, 2, [949358, 389880, 965754, 188613]
economy : 6716340672, 82, 1, [965754, 770343, 188613, 277967]
business : 1355903287, 183, 2, [389880, 195012, 953709, 529931]
business : 2860720738, 198, 0, [770343, 389880, 965754, 188613]
luxury : 5893241406, 65, 0, [188613, 953709, 949358, 701547]
economy : 9592725181, 197, 1, [949358, 195012]
economy : 7312453039, 147, 1, [949358, 953709, 965754, 277967]
economy : 3571153431, 79, 1, [195012, 529931, 770343, 277967]
economy : 7558765727, 126, 8, [195012, 277967, 188613]
economy : 4958480721, 89, 1, [949358, 953709]
business : 4742968675, 194, 0, [953709, 195012]
economy : 6690179022, 192, 2, [529931, 770343]
business : 3794004622, 186, 3, [389880, 195012, 965754, 953709]
economy : 5984355052, 51, 0, [949358, 389880, 529931, 965754]
first : 9261629890, 139, 1, [701547, 277967]
economy : 3232919622, 113, 0, [529931, 949358, 195012]
economy : 9823706506, 168, 3, [965754, 953709, 770343, 195012]
business : 5532107172, 71, 0, [277967, 965754, 389880]
economy : 5279975689, 121, 3, [529931, 188613, 965754]
economy : 1700254396, 128, 2, [389880, 701547]
economy : 7277095059, 92, 8, [949358, 389880, 953709, 188613]
business : 1502606962, 149, 6, [389880, 529931, 701547, 953709]
business : 2846241244, 80, 2, [277967, 953709, 701547]
economy : 1426336459, 49, 5, [188613, 770343]
luxury : 5098669275, 127, 10, [277967, 949358, 195012, 965754]
economy : 4105492877, 175, 1, [195012, 389880]
business : 7480495701, 186, 2, [701547, 277967, 195012, 529931]
business : 8609431714, 58, 2, [770343, 965754, 701547, 277967]
economy : 4987432240, 127, 2, [965754, 770343, 389880, 701547]
business : 6514757026, 74, 1, [195012, 953709, 188613]
economy : 9396652791, 125, 4, [188613, 965754]
economy : 1671672125, 128, 2, [949358, 953709]
economy : 5626132583, 98, 3, [949358, 953709]
economy : 8848473908, 49, 1, [953709, 389880, 195012]
economy : 9308960874, 126, 4, [529931, 389880, 188613]
first : 1380667334, 126, 2, [949358, 701547]
economy : 9222149145, 125, 3, [965754, 188613, 277967]
first : 6385470948, 97, 6, [701547, 277967, 949358]
business : 2930640535, 199, 2, [949358, 277967]
economy : 9743405579, 162, 2, [701547, 770343]
economy : 2054059123, 135, 6, [701547, 389880]
economy : 4098038739, 112, 1, [529931, 770343, 953709]
business : 4373417947, 97, 1, [529931, 949358, 195012, 389880]
business : 6783272422, 183, 3, [195012, 188613]
economy : 3161661784, 138, 0, [701547, 965754, 277967, 953709]
economy : 4488572260, 106, 2, [277967, 529931, 953709]
economy : 4214487158, 95, 2, [770343, 529931, 195012, 389880]
economy : 5061690279, 98, 8, [949358, 965754, 188613]
economy : 7091888402, 181, 2, [701547, 389880, 277967]
economy : 1885587916, 144, 4, [195012, 701547, 188613]
economy : 1601039167, 165, 0, [770343, 529931, 949358, 195012]
economy : 7772201899, 93, 1, [770343, 195012, 529931]
economy : 8240393838, 132, 2, [953709, 195012, 389880, 949358]
business : 9892070344, 192, 2, [195012, 965754, 953709, 529931]
economy : 2049824798, 60, 3, [277967, 770343]
economy : 7057434725, 169, 1, [195012, 277967, 965754, 389880]
economy : 2544130084, 85, 0, [277967, 953709, 389880, 701547]
luxury : 1135034963, 56, 2, [277967, 389880, 529931, 188613]
economy : 6570418267, 55, 1, [389880, 965754, 277967, 195012]
economy : 8467678960, 141, 1, [949358, 277967]
economy : 2874466112, 120, 3, [529931, 701547, 277967, 770343]
economy : 2923954157, 90, 2, [529931, 188613, 389880]
economy : 5115837045, 85, 2, [965754, 188613, 949358, 529931]
economy : 1470690227, 170, 1, [389880, 277967, 529931, 953709]
economy : 9902372140, 93, 2, [701547, 277967]
economy : 8726489642, 133, 2, [953709, 701547]
economy : 4732456107, 114, 0, [949358, 389880, 770343]
economy : 7634951003, 192, 1, [965754, 770343, 953709]
business : 5964691097, 141, 4, [953709, 965754]
economy : 5576358110, 49, 1, [529931, 195012, 965754, 277967]
business : 8604089024, 197, 6, [529931, 195012]
first : 7028259400, 112, 1, [277967, 770343, 389880, 195012]
economy : 3816891324, 175, 3, [195012, 701547, 529931]
economy : 3187496094, 101, 2, [277967, 389880]
economy : 8633696410, 191, 0, [529931, 965754, 188613, 770343]
economy : 3686831497, 105, 0, [770343, 701547, 188613, 529931]
economy : 5941278901, 196, 3, [953709, 529931, 770343, 389880]
economy : 9535646990, 138, 1, [195012, 529931, 701547, 277967]
luxury : 1343595668, 198, 1, [965754, 188613, 953709, 389880]
first : 2902743127, 113, 4, [953709, 949358, 529931, 277967]
business : 5048929833, 59, 0, [965754, 701547, 953709, 770343]
business : 3419315033, 163, 1, [188613, 389880]
first : 1757339548, 162, 2, [965754, 949358]
economy : 6689397272, 54, 0, [701547, 953709, 188613, 389880]
business : 5882600185, 71, 0, [770343, 965754]
economy : 9425036990, 96, 1, [770343, 701547, 965754]
economy : 7378455874, 172, 2, [188613, 965754, 529931]
economy : 7719648543, 115, 1, [277967, 701547]
economy : 9562887137, 97, 2, [953709, 529931, 949358, 195012]
business : 4525049879, 185, 0, [701547, 949358, 188613]
economy : 3639339988, 107, 9, [949358, 195012]
economy : 2227832101, 83, 0, [953709, 195012]
economy : 9239267987, 166, 3, [529931, 701547]
economy : 6027867468, 138, 2, [529931, 195012]
economy : 6020388836, 136, 7, [953709, 701547, 195012]
economy : 6607811804, 148, 1, [188613, 770343, 953709, 277967]
economy : 2078036690, 84, 1, [965754, 529931, 188613]
economy : 2500797187, 106, 2, [953709, 277967]
economy : 8537471208, 94, 4, [188613, 949358]
economy : 7641623847, 67, 1, [701547, 195012, 389880, 965754]
economy : 5665912926, 86, 1, [949358, 965754, 770343, 953709]
economy : 9083256170, 84, 2, [277967, 701547, 965754, 953709]
economy : 6487607034, 138, 0, [701547, 949358, 195012]
economy : 7512817721, 57, 2, [188613, 770343, 389880]
economy : 3378613210, 77, 2, [195012, 949358, 953709, 389880]
economy : 4556587682, 196, 2, [953709, 389880, 188613]
economy : 4429373614, 103, 1, [701547, 389880, 953709]
economy : 8318342928, 171, 0, [949358, 389880, 770343, 195012]
economy : 1716994855, 194, 2, [389880, 965754]
economy : 1237312491, 93, 10, [277967, 949358, 953709]
first : 2930409178, 71, 1, [965754, 277967, 389880, 953709]
economy : 4968111929, 161, 2, [949358, 529931, 277967, 770343]
economy : 1536896771, 200, 1, [277967, 965754, 701547, 195012]
economy : 3844041846, 187, 2, [277967, 188613, 389880]
economy : 6783412749, 172, 1, [188613, 965754, 770343]
business : 4972314818, 52, 2, [529931, 195012, 277967]
economy : 4855310416, 42, 2, [953709, 965754, 701547]
business : 8617355338, 200, 1, [195012, 965754, 949358]
business : 5545967035, 71, 2, [389880, 195012]
economy : 7424688903, 87, 3, [701547, 949358, 965754, 277967]
economy : 5633559854, 155, 1, [701547, 277967]
economy : 6122796704, 95, 4, [770343, 195012]
economy : 6221573454, 132, 2, [195012, 389880, 529931]
business : 5926686232, 120, 10, [195012, 188613]
luxury : 8742571737, 159, 1, [953709, 195012]
economy : 1458755334, 181, 3, [195012, 701547]
economy : 9428215608, 115, 0, [389880, 529931, 277967]
business : 1131684394, 91, 3, [949358, 277967, 389880]
economy : 8962597485, 120, 1, [389880, 953709, 277967, 965754]
economy : 5894571592, 107, 3, [529931, 389880, 277967]
economy : 9862065023, 107, 2, [188613, 529931]
economy : 6087416092, 108, 3, [949358, 953709]
economy : 3026099196, 59, 0, [277967, 188613]
economy : 6184566634, 100, 1, [949358, 195012]
economy : 1673643599, 57, 1, [953709, 949358, 277967]
economy : 8642230654, 136, 4, [701547, 195012, 965754]
first : 8204651752, 162, 3, [949358, 277967, 188613]
business : 7933972799, 72, 2, [529931, 389880]
economy : 5340629665, 133, 2, [529931, 953709, 965754, 770343]
economy : 8169008488, 49, 8, [949358, 188613, 770343, 195012]
business : 6602020874, 46, 1, [701547, 529931, 965754, 195012]
economy : 4010302210, 179, 3, [965754, 770343]
economy : 1646808850, 103, 1, [188613, 770343]
first : 9529995995, 192, 2, [953709, 770343, 529931, 188613]
economy : 9592795367, 164, 8, [965754, 770343, 195012]
economy : 7989278783, 165, 2, [965754, 701547]
economy : 7512808399, 149, 2, [965754, 389880, 701547]
economy : 9063575627, 77, 8, [701547, 188613]
luxury : 9286239016, 184, 6, [277967, 188613, 529931, 195012]
economy : 7037943090, 71, 1, [188613, 195012, 770343]
business : 6418581279, 187, 1, [770343, 277967, 529931]
economy : 4604599587, 115, 6, [188613, 701547, 389880]
economy : 7027623250, 193, 3, [965754, 389880, 770343, 188613]
economy : 3052665766, 109, 2, [277967, 195012, 529931, 949358]
economy : 3492090039, 72, 2, [389880, 953709]
economy : 5546794185, 120, 3, [529931, 770343]
economy : 9625604314, 107, 1, [953709, 529931, 389880]
first : 1860693139, 97, 1, [195012, 953709, 965754, 188613]
economy : 7048557636, 70, 6, [195012, 701547]
economy : 6841392677, 104, 1, [529931, 949358, 188613]
economy : 8977201878, 150, 1, [188613, 949358]
economy : 9202490260, 93, 2, [195012, 965754, 277967]
economy : 5995183142, 98, 7, [953709, 529931, 770343]
economy : 7227060767, 91, 1, [188613, 701547]
economy : 9916088726, 128, 9, [389880, 195012]
luxury : 2565750416, 173, 2, [195012, 949358]
economy : 1989395993, 139, 2, [389880, 188613, 195012]
economy : 2430856043, 99, 1, [188613, 770343, 389880, 529931]
economy : 7281294364, 148, 1, [277967, 701547, 389880, 529931]
economy : 4345889707, 161, 4, [949358, 188613]
economy : 6550082483, 179, 1, [389880, 770343, 953709]
business : 2622521442, 99, 3, [188613, 770343, 965754, 529931]
economy : 5524137574, 130, 4, [195012, 188613]
economy : 1997761486, 91, 5, [195012, 965754]
economy : 7151316649, 92, 3, [529931, 195012]
business : 2639039058, 86, 4, [389880, 953709, 277967]
economy : 3318433546, 96, 2, [188613, 277967, 529931]
economy : 6842057401, 164, 10, [949358, 965754, 389880]
economy : 6622696930, 100, 5, [277967, 770343, 701547, 949358]
economy : 3596981144, 179, 1, [701547, 953709, 529931, 277967]
economy : 3532793031, 154, 5, [195012, 389880, 188613]
business : 1009163500, 200, 0, [277967, 770343, 965754, 389880]
economy : 8207381283, 140, 1, [195012, 953709, 770343, 188613]
economy : 3055775119, 139, 3, [770343, 529931, 949358]
business : 7009647545, 85, 1, [529931, 188613, 953709, 701547]
first : 3130797290, 162, 4, [195012, 188613]
economy : 2088722177, 107, 10, [949358, 953709, 389880]
economy : 3411562562, 111, 1, [529931, 953709]
economy : 4668181906, 69, 2, [277967, 529931, 701547, 953709]
economy : 9307561570, 163, 2, [965754, 953709, 529931, 949358]
luxury : 3593551858, 56, 5, [389880, 770343]
economy : 1200083093, 153, 1, [529931, 965754, 701547]
economy : 4861897635, 74, 2, [188613, 953709, 529931]
economy : 5098446583, 117, 2, [195012, 770343, 949358, 389880]
economy : 2157709271, 162, 2, [770343, 701547, 949358, 953709]
economy : 7317851075, 149, 7, [389880, 953709, 529931, 701547]
business : 8795316435, 126, 0, [953709, 195012, 770343]
first : 9104382112, 74, 0, [770343, 965754, 389880, 195012]
luxury : 1941998519, 137, 2, [188613, 953709, 389880, 701547]
economy : 6557640012, 69, 1, [770343, 277967, 953709, 949358]
economy : 3353960910, 194, 2, [529931, 953709, 949358]
economy : 2790737037, 97, 1, [953709, 965754, 188613, 389880]
first : 1701009111, 83, 6, [949358, 389880, 195012, 965754]
economy : 1474666724, 95, 2, [389880, 188613]
business : 9231313001, 116, 0, [953709, 195012]
economy : 7005787359, 119, 0, [770343, 953709, 529931, 195012]
economy : 6507758043, 69, 3, [529931, 965754, 389880]
economy : 1192427218, 181, 0, [195012, 953709, 965754, 529931]
economy : 8682287735, 49, 1, [389880, 277967]
economy : 3588700985, 181, 2, [389880, 949358, 277967, 965754]
economy : 1073975723, 156, 3, [701547, 965754, 188613, 949358]
economy : 7532840552, 193, 0, [529931, 701547, 953709]
economy : 3022645703, 57, 6, [195012, 701547, 949358, 770343]
business : 1600183455, 150, 1, [953709, 195012]
economy : 1463592278, 194, 1, [770343, 949358, 529931]
business : 9494572912, 100, 1, [529931, 770343]
economy : 3593387933, 157, 4, [277967, 195012]
economy : 5787163001, 150, 0, [770343, 529931, 195012, 965754]
business : 4783918649, 150, 5, [195012, 389880]
economy : 5135968070, 177, 1, [965754, 949358]
business : 7686106047, 81, 1, [701547, 277967, 953709]
business : 6507687836, 152, 2, [953709, 965754, 195012, 389880]
economy : 1551117736, 91, 2, [965754, 188613]
economy : 2160970907, 161, 1, [389880, 195012, 965754]
economy : 9935316797, 41, 5, [965754, 188613, 277967]
economy : 7850372854, 65, 3, [953709, 277967]
business : 9038135351, 122, 0, [529931, 195012]
first : 1578581678, 128, 3, [188613, 953709, 949358, 195012]
economy : 8798555867, 106, 1, [949358, 701547, 529931, 965754]
economy : 6969827294, 117, 2, [389880, 188613]
economy : 1616987485, 41, 2, [701547, 949358, 965754]
economy : 1364039809, 133, 2, [389880, 770343, 953709]
economy : 6229410455, 164, 0, [529931, 277967, 389880]
business : 7115616302, 140, 5, [277967, 701547, 389880]
first : 4593496716, 156, 1, [389880, 949358, 953709]
economy : 3272967095, 130, 1, [701547, 389880, 195012, 770343]
economy : 4995398660, 195, 9, [389880, 770343, 195012, 277967]
economy : 7147123818, 45, 1, [701547, 770343, 188613, 529931]
luxury : 7093837168, 147, 3, [277967, 701547, 770343]
economy : 7591452866, 68, 0, [389880, 277967, 188613, 965754]
business : 1905886155, 134, 1, [949358, 389880, 188613, 965754]
first : 2799944248, 95, 1, [701547, 770343, 277967]
economy : 5773376563, 180, 1, [770343, 965754, 529931, 701547]
economy : 2561347113, 71, 1, [277967, 529931, 701547]
business : 7182153478, 88, 0, [195012, 701547, 529931]
economy : 9803424454, 95, 2, [770343, 953709, 965754, 277967]
economy : 3657751603, 83, 1, [529931, 701547, 953709, 965754]
economy : 3378336419, 149, 2, [277967, 949358]
economy : 6660942963, 113, 1, [188613, 770343]
economy : 7389051017, 168, 1, [953709, 965754, 529931]
economy : 4571733716, 40, 4, [949358, 195012, 529931]
economy : 8394558306, 102, 0, [188613, 389880]
economy : 3016141630, 54, 1, [188613, 389880]
business : 5491104455, 154, 3, [770343, 389880]
business : 2774237326, 155, 0, [770343, 965754]
economy : 4460469683, 72, 7, [277967, 770343, 195012]
first : 7810525024, 183, 4, [701547, 195012]
economy : 6145085356, 156, 6, [188613, 965754, 389880]
economy : 7498479241, 156, 6, [195012, 949358, 770343, 529931]
economy : 6915329455, 142, 4, [195012, 277967, 965754]
economy : 5192883906, 89, 0, [953709, 188613]
first : 9069465173, 186, 2, [965754, 389880]
economy : 8150784506, 157, 3, [188613, 529931, 701547, 389880]
economy : 3606701739, 73, 2, [529931, 188613]
economy : 6310801643, 108, 3, [389880, 953709, 529931, 195012]
business : 7222837842, 127, 1, [770343, 701547, 389880]
economy : 3521679043, 160, 2, [770343, 389880]
economy : 1977514395, 146, 0, [953709, 195012, 949358, 389880]
business : 1202674460, 141, 2, [701547, 277967, 965754]
economy : 6615979957, 113, 0, [529931, 949358, 770343]
economy : 3080947385, 96, 1, [965754, 953709, 195012]
business : 4017698549, 160, 0, [188613, 770343, 277967, 529931]
economy : 7140179934, 158, 4, [529931, 949358, 277967]
luxury : 8762826891, 89, 0, [770343, 529931, 965754]
business : 6629550366, 97, 2, [188613, 701547, 277967]
economy : 4881249880, 69, 2, [953709, 949358]
economy : 9249717244, 64, 5, [277967, 529931, 389880, 953709]
first : 9691100448, 195, 2, [195012, 949358]
first : 9429556419, 131, 1, [195012, 277967, 965754, 188613]
economy : 4608562652, 115, 1, [188613, 389880, 949358]
economy : 2702083281, 155, 0, [701547, 529931]
economy : 3486273261, 192, 6, [389880, 195012]
economy : 1319995199, 100, 3, [701547, 195012, 965754]
economy : 4032744971, 150, 2, [770343, 529931]
business : 7423147758, 181, 1, [701547, 195012]
economy : 2944432999, 144, 2, [389880, 949358]
economy : 7371669704, 78, 1, [949358, 389880, 965754, 188613]
economy : 1579207822, 146, 2, [701547, 389880, 195012, 965754]
economy : 3736901439, 197, 1, [965754, 770343, 389880]
economy : 3632162772, 155, 3, [965754, 195012]
economy : 5693511305, 43, 1, [949358, 188613, 701547]
economy : 1950834173, 109, 2, [770343, 949358, 701547]
economy : 5155898918, 79, 0, [701547, 188613]
business : 9361622924, 73, 2, [188613, 770343, 529931]
economy : 6030140056, 141, 1, [949358, 965754, 389880, 195012]
business : 1199264680, 140, 1, [965754, 953709, 949358, 195012]
economy : 7524584954, 139, 0, [195012, 949358, 770343, 953709]
economy : 4848581756, 113, 4, [949358, 195012]
economy : 4314559331, 197, 1, [188613, 965754, 389880]
business : 2792347850, 127, 1, [389880, 949358, 770343]
economy : 8858001764, 171, 1, [188613, 701547]
first : 8934871725, 69, 1, [195012, 770343, 529931]
economy : 9593727746, 108, 2, [389880, 770343, 195012, 529931]
economy : 2764209789, 44, 3, [701547, 949358, 389880, 277967]
economy : 3010663532, 59, 1, [953709, 701547, 529931, 188613]
business : 1001306314, 142, 6, [770343, 965754, 529931, 277967]
business : 9440175683, 92, 0, [195012, 965754]
economy : 6730974938, 134, 2, [949358, 188613]
economy : 8067616426, 116, 9, [965754, 389880]
economy : 2001926094, 180, 2, [195012, 965754]
business : 4090556757, 138, 0, [949358, 701547]
economy : 1972864500, 193, 1, [389880, 701547, 195012, 188613]
economy : 9575213251, 79, 3, [770343, 701547, 188613]
economy : 5016121210, 171, 1, [529931, 965754]
economy : 8809273518, 93, 1, [965754, 389880, 277967, 701547]
economy : 1877627157, 115, 10, [770343, 195012]
business : 6818767667, 131, 2, [195012, 770343, 949358]
economy : 9510056381, 182, 0, [277967, 188613]
first : 4707438642, 157, 0, [195012, 701547, 389880, 277967]
economy : 9424391434, 58, 1, [965754, 389880, 195012]
business : 1519724020, 58, 8, [277967, 965754, 529931, 953709]
economy : 6193015311, 135, 1, [770343, 188613, 701547]
economy : 8976100703, 95, 1, [770343, 195012, 949358]
economy : 4123906116, 47, 0, [965754, 701547, 949358]
business : 2764175357, 143, 1, [701547, 770343]
economy : 7681407121, 136, 0, [529931, 188613, 389880]
economy : 4910448569, 107, 2, [953709, 529931, 965754, 949358]
economy : 4479091970, 72, 5, [965754, 953709]
economy : 9276075146, 150, 4, [965754, 770343, 949358, 277967]
economy : 8997570898, 64, 1, [195012, 953709, 701547, 389880]
business : 5734842616, 155, 5, [965754, 277967, 529931]
economy : 1332490047, 125, 2, [529931, 195012]
economy : 5203832318, 164, 1, [953709, 389880]
economy : 1506812362, 191, 1, [277967, 770343, 949358, 188613]
economy : 9286132577, 108, 8, [770343, 701547, 949358, 195012]
economy : 9269746370, 108, 1, [953709, 770343]
economy : 7211656073, 93, 4, [949358, 195012, 965754]
economy : 6821775987, 72, 1, [277967, 701547, 770343, 529931]
business : 6520660984, 133, 0, [965754, 195012, 701547, 277967]
business : 5228779204, 103, 3, [188613, 965754, 949358, 277967]
economy : 3187151050, 93, 2, [965754, 389880, 188613, 949358]
economy : 1431014797, 132, 1, [965754, 389880, 195012]
business : 7703820928, 136, 4, [277967, 949358, 701547, 529931]
economy : 9368059886, 130, 4, [188613, 770343, 277967]
economy : 7467075004, 165, 2, [701547, 188613, 529931, 389880]
economy : 3675417600, 61, 1, [389880, 277967, 770343]
economy : 1958803540, 78, 4, [770343, 529931, 965754]
business : 8393943217, 158, 1, [770343, 949358, 188613, 953709]
business : 2454543116, 175, 2, [277967, 389880, 965754]
business : 8948926843, 189, 1, [277967, 770343, 949358, 195012]
first : 3559346629, 127, 6, [195012, 529931, 389880]
economy : 3623013342, 147, 0, [770343, 949358, 389880, 277967]
business : 5637737082, 128, 1, [770343, 529931, 949358]
business : 2743502475, 154, 2, [188613, 770343]
economy : 4855240434, 43, 2, [188613, 770343, 195012]
business : 1191357576, 166, 2, [965754, 949358]
economy : 7467069179, 141, 2, [195012, 701547, 529931]
economy : 9355221095, 124, 0, [529931, 195012, 953709]
business : 8597541130, 62, 5, [188613, 529931, 770343]
economy : 5698804976, 56, 3, [188613, 277967, 953709]
business : 3730358211, 149, 3, [953709, 188613]
economy : 8991154883, 179, 1, [770343, 277967, 188613, 389880]
business : 9965740289, 114, 4, [529931, 195012]
business : 8583913134, 185, 3, [770343, 701547]
economy : 8473948698, 156, 3, [965754, 277967]
economy : 4239147601, 71, 0, [277967, 770343]
economy : 4542564556, 143, 0, [949358, 195012]
economy : 4450938997, 137, 7, [529931, 949358]
business : 6280950757, 110, 1, [949358, 188613, 195012, 965754]
economy : 4219313889, 167, 2, [529931, 389880]
economy : 2238257322, 161, 0, [953709, 949358, 701547, 770343]
economy : 5303285911, 130, 5, [965754, 701547]
business : 2284255688, 96, 1, [277967, 701547]
economy : 7858675991, 141, 3, [188613, 389880, 770343]
first : 1379828638, 140, 3, [195012, 389880]
economy : 8634066857, 72, 9, [965754, 389880, 949358, 770343]
economy : 4080832223, 103, 2, [389880, 195012, 529931]
first : 2904536901, 59, 2, [529931, 188613]
economy : 8065924673, 100, 1, [701547, 953709, 965754, 188613]
business : 9492072308, 60, 2, [965754, 529931]
business : 7390896960, 75, 1, [953709, 965754, 195012]
economy : 4492718121, 95, 1, [770343, 949358, 701547]
economy : 9481569823, 164, 1, [701547, 195012, 953709]
business : 2887349197, 43, 2, [195012, 389880]
economy : 1591727097, 87, 3, [949358, 701547]
economy : 7921977735, 57, 5, [770343, 389880, 965754]
business : 7877056699, 158, 0, [770343, 953709, 965754]
economy : 4772384997, 115, 8, [953709, 949358]
business : 1275548126, 107, 2, [389880, 770343]
luxury : 1059470440, 197, 2, [188613, 529931, 953709, 949358]
first : 2566065113, 83, 2, [770343, 529931]
economy : 9143481116, 191, 2, [953709, 277967, 770343]
business : 3341157269, 166, 2, [953709, 277967, 770343, 188613]
economy : 5299274589, 45, 6, [188613, 277967]
economy : 7081571314, 186, 3, [195012, 188613, 277967, 389880]
economy : 5816873437, 58, 2, [953709, 277967, 701547, 529931]
first : 5023263864, 40, 0, [701547, 389880, 949358]
economy : 6921303889, 106, 2, [949358, 953709, 770343]
business : 8186745661, 116, 1, [277967, 949358, 701547]
economy : 4418871511, 105, 6, [965754, 188613, 949358]
business : 4348448726, 189, 1, [389880, 188613]
economy : 1486746975, 61, 1, [701547, 770343, 965754, 529931]
economy : 7830783228, 199, 2, [195012, 701547, 949358, 770343]
economy : 5058333641, 147, 5, [195012, 701547, 529931]
economy : 2895275210, 110, 5, [277967, 949358]
economy : 3050887025, 157, 3, [770343, 188613, 389880]
economy : 7289071394, 107, 0, [701547, 195012, 949358, 529931]
first : 1802954109, 88, 1, [701547, 529931, 277967]
economy : 6991463307, 120, 2, [529931, 389880]
first : 3504124205, 77, 2, [949358, 277967, 389880]
business : 1868416603, 100, 7, [953709, 188613, 770343]
luxury : 5497427158, 151, 2, [277967, 770343, 195012]
economy : 8727555085, 81, 4, [770343, 965754, 953709]
economy : 8272562034, 63, 3, [953709, 195012]
economy : 2460797528, 53, 2, [770343, 188613]
business : 3219928838, 184, 1, [949358, 389880, 770343, 965754]
economy : 6038339326, 168, 1, [965754, 195012, 953709, 188613]
economy : 9276951370, 78, 2, [770343, 389880]
economy : 7444999117, 101, 1, [953709, 389880, 277967]
economy : 8346169596, 59, 3, [389880, 195012]
business : 7612709850, 181, 0, [277967, 770343, 195012, 389880]
economy : 5643573570, 200, 2, [188613, 770343]
economy : 8247873020, 163, 2, [965754, 949358]
economy : 4137019421, 107, 9, [953709, 770343, 701547, 389880]
economy : 8501568107, 58, 1, [949358, 277967, 389880, 701547]
economy : 4343991703, 91, 2, [277967, 965754, 389880]
economy : 1663997061, 125, 4, [277967, 389880, 188613]
economy : 3992180008, 185, 0, [770343, 188613, 965754]
economy : 6071750010, 107, 1, [949358, 389880]
economy : 6706633340, 99, 0, [949358, 195012, 277967]
first : 8945009794, 102, 0, [188613, 953709]
business : 6071079743, 105, 1, [965754, 389880, 195012, 949358]
business : 4538794206, 166, 1, [195012, 965754, 529931, 389880]
economy : 2873426921, 74, 4, [770343, 965754, 701547]
economy : 5656801203, 41, 9, [529931, 389880, 188613]
business : 7805631391, 58, 1, [949358, 529931, 195012, 701547]
economy : 9643308698, 135, 1, [277967, 770343]
business : 1139813075, 152, 2, [949358, 529931, 195012, 770343]
business : 1631069360, 87, 1, [953709, 965754, 389880]
economy : 3033317028, 87, 1, [529931, 389880, 277967]
economy : 6976628732, 65, 0, [188613, 701547, 770343]
economy : 2354622319, 105, 5, [701547, 389880, 277967, 953709]
economy : 6282088279, 82, 3, [529931, 965754]
economy : 5833769688, 140, 1, [770343, 195012, 389880]
economy : 6177818224, 188, 3, [953709, 529931, 949358, 195012]
business : 1918428748, 119, 0, [389880, 195012]
economy : 7258991807, 77, 1, [195012, 701547, 389880, 277967]
economy : 3638303022, 107, 3, [701547, 965754, 188613, 953709]
economy : 3548135699, 139, 0, [701547, 529931]
economy : 7257428657, 137, 7, [770343, 949358, 277967]
first : 8481652295, 188, 1, [389880, 188613, 701547]
economy : 7614315689, 195, 1, [195012, 965754, 277967]
business : 7553827755, 108, 2, [389880, 188613, 965754, 277967]
economy : 8943034562, 111, 6, [529931, 389880, 953709]
economy : 1066723762, 161, 1, [770343, 949358]
economy : 6825069352, 58, 1, [965754, 529931]
economy : 6201777134, 152, 2, [188613, 701547]
economy : 5281394702, 109, 3, [389880, 195012, 770343]
business : 7536513620, 76, 2, [188613, 195012, 389880, 277967]
economy : 5564043446, 138, 1, [770343, 529931, 389880]
business : 7571002492, 49, 2, [949358, 188613, 965754, 529931]
economy : 3402038077, 97, 1, [770343, 389880, 188613]
economy : 2169066494, 101, 0, [188613, 770343, 953709, 701547]
economy : 2168676625, 79, 2, [953709, 529931]
economy : 4712452895, 178, 0, [188613, 277967, 770343]
economy : 7945490094, 106, 1, [953709, 188613, 965754, 701547]
business : 7792497954, 51, 0, [701547, 529931, 277967]
economy : 4520571432, 62, 0, [701547, 188613]
economy : 8190670137, 131, 8, [529931, 949358]
economy : 5241006584, 145, 1, [188613, 195012, 965754, 770343]
business : 4685685553, 103, 1, [701547, 188613]
economy : 9828823476, 108, 0, [195012, 277967]
economy : 7287120270, 190, 4, [953709, 770343, 195012, 389880]
economy : 7050928564, 187, 7, [953709, 965754]
business : 2375119242, 61, 2, [949358, 188613]
first : 2415637337, 91, 7, [701547, 965754]
economy : 5762128258, 131, 2, [529931, 949358, 195012, 701547]
first : 3564896890, 95, 1, [701547, 277967, 965754]
economy : 3161194078, 133, 1, [529931, 195012]
economy : 5612256813, 137, 2, [965754, 188613, 770343, 195012]
business : 8409526259, 101, 2, [770343, 277967]
luxury : 8296092384, 53, 0, [953709, 277967, 949358, 195012]
business : 5698342950, 50, 1, [529931, 195012, 949358, 701547]
economy : 9998162604, 100, 1, [195012, 701547, 529931]
economy : 5914674645, 147, 5, [701547, 949358, 770343]
economy : 6697105399, 192, 9, [953709, 701547, 529931, 195012]
economy : 7726018259, 51, 2, [701547, 529931]
economy : 6198927177, 80, 0, [188613, 277967, 949358]
economy : 2304944730, 66, 0, [529931, 195012, 701547]
business : 4338641402, 115, 6, [770343, 949358, 965754, 701547]
economy : 2541393532, 45, 9, [949358, 701547, 195012]
economy : 6821924075, 55, 4, [195012, 188613, 277967]
economy : 4003246818, 166, 6, [965754, 529931, 949358]
economy : 3993092677, 45, 2, [195012, 277967]
economy : 9613705064, 183, 2, [529931, 953709]
economy : 8164391088, 40, 0, [188613, 529931, 953709, 965754]
economy : 7803115131, 108, 0, [188613, 949358, 770343, 277967]
economy : 7238289257, 68, 0, [529931, 188613, 770343, 953709]
economy : 7507053040, 140, 1, [389880, 701547, 949358]
business : 7790632336, 180, 2, [701547, 770343, 529931]
economy : 5424104461, 75, 9, [949358, 195012, 277967, 529931]
economy : 4928737636, 140, 0, [965754, 195012, 770343]
economy : 4414778874, 184, 2, [949358, 701547]
economy : 6643331546, 63, 3, [701547, 188613, 953709, 529931]
economy : 5313634724, 186, 2, [965754, 529931, 277967]
economy : 8295836046, 168, 2, [195012, 770343, 188613]
economy : 6934255781, 54, 0, [389880, 529931]
economy : 3634550187, 149, 2, [770343, 188613, 701547]
economy : 2544887886, 134, 0, [277967, 389880, 770343, 953709]
luxury : 2080440177, 120, 1, [953709, 529931, 770343]
luxury : 9219930060, 109, 2, [529931, 965754, 277967]
economy : 4989774772, 124, 1, [770343, 389880]
economy : 7161551271, 186, 9, [770343, 701547, 188613, 949358]
economy : 7944390756, 56, 5, [953709, 529931]
business : 1157456810, 54, 0, [701547, 277967, 389880, 949358]
business : 2733617446, 198, 9, [965754, 770343, 953709]
economy : 9856548158, 157, 1, [965754, 195012, 188613]
economy : 5170385601, 102, 9, [701547, 277967, 965754, 188613]
economy : 2629514023, 88, 1, [389880, 188613, 953709]
economy : 8876957905, 175, 3, [389880, 529931]
economy : 4634949150, 155, 1, [188613, 701547]
first : 9596961101, 173, 2, [701547, 949358, 770343, 195012]
economy : 4896835464, 136, 1, [949358, 195012, 277967, 701547]
economy : 7290783109, 69, 2, [953709, 389880, 188613, 965754]
business : 5752102652, 190, 6, [195012, 701547, 277967]
economy : 9887679655, 133, 1, [389880, 188613, 965754, 195012]
business : 9152560937, 89, 5, [770343, 701547]
business : 7413926751, 161, 2, [953709, 195012]
economy : 7901204430, 73, 1, [195012, 949358, 965754, 277967]
economy : 5890420074, 134, 3, [195012, 953709, 277967, 965754]
first : 4602738982, 93, 1, [953709, 188613, 529931]
business : 3460830362, 60, 2, [953709, 277967, 529931]
business : 2282506894, 150, 2, [965754, 188613, 701547]
first : 4196439229, 176, 2, [949358, 770343, 701547, 965754]
economy : 8733140352, 140, 9, [195012, 965754, 770343]
economy : 6425199046, 128, 3, [965754, 389880, 188613]
economy : 3407331687, 80, 1, [277967, 953709, 770343]
business : 9688017075, 113, 1, [953709, 389880, 701547]
economy : 6628968660, 74, 2, [277967, 770343]
economy : 8911724482, 198, 3, [953709, 701547, 529931, 277967]
economy : 7983736054, 164, 2, [188613, 965754]
business : 7492319062, 164, 2, [529931, 277967]
business : 3599263782, 135, 9, [188613, 953709]
business : 8719363766, 181, 2, [389880, 949358, 953709, 701547]
economy : 1985923525, 122, 1, [949358, 770343, 195012]
economy : 3958575558, 196, 1, [188613, 701547, 195012]
economy : 3613650631, 58, 2, [953709, 701547, 277967]
economy : 5719180502, 47, 3, [770343, 188613]
economy : 6144517225, 125, 9, [389880, 965754, 277967, 949358]
economy : 2619888105, 173, 1, [529931, 389880]
business : 3581055374, 139, 1, [529931, 701547, 188613]
economy : 5647055839, 50, 0, [949358, 529931, 277967, 701547]
business : 8689815001, 44, 5, [770343, 195012]
business : 2220819328, 83, 1, [529931, 389880]
economy : 3165545929, 188, 2, [277967, 965754, 389880, 188613]
economy : 5659548029, 63, 1, [277967, 195012, 529931, 389880]
economy : 8186730600, 197, 1, [277967, 529931, 965754, 770343]
economy : 8279760088, 200, 0, [529931, 389880, 195012, 277967]
business : 3957233474, 59, 2, [953709, 277967, 701547]
economy : 2158072575, 159, 3, [389880, 195012]
first : 8779146076, 156, 1, [965754, 953709]
economy : 2182811000, 69, 10, [965754, 701547, 188613]
economy : 1043087473, 154, 1, [953709, 389880, 195012]
economy : 3204345662, 157, 1, [529931, 949358]
economy : 9640021132, 169, 2, [949358, 965754, 277967, 195012]
luxury : 6920550762, 146, 1, [965754, 389880]
economy : 4865922970, 189, 1, [188613, 389880]
business : 4671031782, 155, 4, [965754, 389880]
business : 2276071889, 161, 4, [770343, 195012, 277967]
economy : 6118982666, 81, 1, [953709, 770343, 965754, 188613]
luxury : 6770663183, 135, 1, [949358, 770343]
economy : 2641482374, 90, 2, [529931, 188613, 277967, 965754]
economy : 7814862510, 44, 1, [953709, 701547]
business : 5345809984, 142, 1, [953709, 529931, 949358]
luxury : 2957733061, 75, 1, [529931, 188613]
economy : 5550962253, 183, 1, [965754, 953709]
economy : 3619619463, 172, 3, [953709, 949358]
luxury : 3330812741, 128, 0, [389880, 949358, 188613]
first : 6323808784, 154, 2, [389880, 965754, 701547, 188613]
economy : 4748226911, 95, 2, [188613, 277967, 965754, 389880]
business : 5374490829, 182, 2, [529931, 277967, 770343]
economy : 7889810106, 187, 2, [529931, 701547, 389880, 770343]
first : 8575913785, 90, 2, [949358, 529931, 389880, 195012]
economy : 2897514501, 81, 1, [389880, 770343]
business : 2315194912, 141, 0, [953709, 701547, 195012, 770343]
business : 4327608857, 107, 2, [953709, 701547]
economy : 2664415209, 177, 0, [188613, 965754, 195012, 277967]
first : 6182256715, 49, 0, [965754, 277967, 188613, 953709]
economy : 6123970644, 54, 1, [389880, 953709, 188613]
economy : 9938652714, 182, 1, [529931, 188613, 953709]
economy : 8439016961, 63, 9, [195012, 949358]
economy : 6869251817, 195, 2, [389880, 188613, 965754, 953709]
economy : 6438114643, 107, 0, [949358, 188613]
economy : 7336295704, 85, 0, [949358, 277967, 195012]
economy : 3315340733, 63, 9, [188613, 965754]
luxury : 4726295276, 91, 0, [188613, 529931, 277967, 965754]
economy : 8102277338, 97, 1, [277967, 949358, 770343, 195012]
economy : 7330715389, 191, 8, [195012, 701547, 188613, 965754]
economy : 9080674361, 141, 1, [701547, 389880]
economy : 2560426862, 171, 10, [949358, 188613, 195012, 965754]
business : 7943144526, 156, 2, [188613, 949358, 529931]
business : 6901473055, 183, 1, [389880, 188613, 701547, 965754]
economy : 5583867428, 163, 2, [529931, 701547, 965754]
first : 7112361835, 126, 2, [188613, 949358, 277967, 953709]
luxury : 6491125292, 91, 0, [529931, 965754]
economy : 6768662330, 183, 8, [529931, 188613, 277967]
economy : 5361898797, 120, 1, [949358, 701547]
economy : 4059472301, 142, 0, [529931, 965754, 949358, 389880]
economy : 7479955340, 73, 2, [953709, 701547]
business : 5233252269, 153, 0, [195012, 277967, 949358]
economy : 9291863144, 153, 3, [701547, 529931]
economy : 8486991049, 172, 1, [195012, 389880]
economy : 9637511515, 121, 2, [277967, 770343, 195012, 389880]
first : 3099058984, 91, 1, [953709, 389880, 188613]
economy : 4108979271, 49, 5, [965754, 389880, 701547, 188613]
economy : 1149742721, 86, 1, [770343, 529931, 701547]
economy : 4043673545, 151, 2, [770343, 965754]
economy : 3948921312, 87, 5, [701547, 953709, 277967]
economy : 2470182511, 94, 1, [277967, 770343]
business : 6978269471, 46, 0, [188613, 277967]
economy : 6697879865, 180, 1, [965754, 195012]
economy : 1961735412, 149, 5, [188613, 277967, 529931, 701547]
economy : 6248709281, 99, 1, [953709, 701547]
business : 3696765367, 157, 0, [188613, 770343, 529931]
economy : 2007581937, 92, 2, [188613, 965754, 949358]
economy : 7855041004, 148, 0, [529931, 770343, 195012]
business : 4810915150, 93, 1, [389880, 195012]
economy : 9371496795, 112, 2, [277967, 701547, 965754, 529931]
business : 2012928550, 105, 2, [529931, 770343]
business : 8054275650, 165, 2, [953709, 949358]
business : 2781485678, 195, 2, [188613, 965754]
economy : 3033180791, 78, 1, [953709, 965754]
luxury : 2517089275, 118, 0, [188613, 277967]
business : 3497737741, 78, 2, [953709, 701547, 770343]
business : 7585458750, 105, 3, [188613, 389880, 965754]
economy : 8177693389, 57, 2, [953709, 949358, 529931]
business : 1457936122, 60, 0, [949358, 188613]
economy : 6519842080, 175, 1, [188613, 389880, 195012]
economy : 4216405080, 95, 1, [529931, 701547, 949358, 770343]
economy : 1877914909, 69, 1, [953709, 949358]
economy : 7099808461, 180, 6, [965754, 188613, 389880]
economy : 3861785489, 93, 2, [529931, 965754]
economy : 6784667299, 153, 9, [188613, 770343, 949358, 277967]
business : 5971203188, 144, 1, [770343, 965754, 195012]
economy : 6139355282, 88, 3, [188613, 953709, 195012]
business : 6880846460, 174, 4, [389880, 770343, 701547]
economy : 6731561080, 158, 3, [949358, 277967, 188613]
economy : 5832198167, 169, 1, [953709, 965754]
economy : 8687711409, 155, 3, [965754, 949358]
economy : 2468924253, 186, 2, [389880, 529931, 770343, 701547]
economy : 2062168992, 110, 2, [953709, 277967]
economy : 6401914915, 88, 1, [701547, 277967, 770343]
economy : 4731454476, 65, 0, [949358, 529931, 965754]
economy : 6374176395, 198, 1, [389880, 770343]
economy : 7520051226, 127, 6, [701547, 949358, 529931]
economy : 8680859074, 137, 3, [529931, 965754]
economy : 2631059799, 129, 6, [770343, 389880, 701547]
economy : 1857045052, 182, 3, [953709, 965754, 195012, 277967]
economy : 9217083843, 155, 1, [949358, 277967, 188613, 195012]
first : 2181990859, 105, 1, [277967, 188613, 701547]
economy : 9185796594, 54, 1, [770343, 277967, 529931]
economy : 5796550350, 103, 5, [770343, 188613, 953709]
economy : 8750094612, 70, 1, [195012, 953709, 277967, 770343]
economy : 1880208580, 64, 1, [949358, 529931, 770343]
economy : 2736936749, 101, 1, [949358, 277967]
economy : 1365261861, 144, 0, [389880, 953709]
economy : 8472411440, 120, 2, [949358, 389880, 953709, 701547]
economy : 2479802064, 185, 6, [949358, 701547, 277967, 529931]
business : 2732980163, 171, 0, [965754, 949358]
business : 3440788663, 199, 8, [277967, 770343, 188613, 389880]
first : 9807836976, 176, 0, [770343, 389880, 188613]
business : 4624889950, 124, 4, [195012, 277967]
luxury : 9394465226, 119, 2, [770343, 953709]
economy : 9866782970, 87, 0, [195012, 389880, 529931]
economy : 7244977152, 142, 1, [965754, 949358, 770343]
economy : 7911810957, 105, 2, [701547, 965754, 188613]
economy : 1595367424, 126, 1, [188613, 701547, 953709]
business : 4818766218, 64, 0, [701547, 195012, 965754, 529931]
economy : 5671891422, 198, 1, [701547, 949358, 529931, 389880]
economy : 4942984845, 98, 8, [965754, 188613, 195012]
economy : 7531919729, 154, 1, [277967, 529931, 701547, 389880]
economy : 9093814345, 65, 0, [770343, 949358]
economy : 5329895705, 121, 0, [529931, 953709, 949358]
economy : 8845525410, 105, 4, [953709, 965754, 389880]
economy : 8955560691, 142, 0, [195012, 965754]
economy : 3470939357, 116, 6, [701547, 389880, 188613, 953709]
business : 5406628585, 187, 0, [188613, 953709]
business : 6118793899, 86, 1, [949358, 277967]
economy : 3192914844, 96, 4, [701547, 188613, 770343]
economy : 5773122174, 58, 2, [188613, 953709, 965754]
economy : 3119289558, 138, 1, [953709, 188613, 389880, 770343]
business : 7833197350, 119, 1, [965754, 195012, 277967]
economy : 8547259161, 77, 5, [188613, 277967, 529931, 770343]
first : 3184866508, 139, 1, [701547, 277967, 770343, 949358]
economy : 7300687106, 88, 1, [529931, 949358]
first : 2729446336, 136, 0, [389880, 529931, 188613, 195012]
business : 2844946911, 49, 1, [770343, 949358, 188613]
economy : 8952643572, 137, 1, [949358, 277967, 529931]
economy : 9617743277, 114, 5, [770343, 389880, 529931, 188613]
economy : 7712005421, 41, 1, [953709, 701547, 529931]
economy : 2650553291, 108, 4, [277967, 770343, 389880, 529931]
economy : 3798178913, 45, 2, [277967, 188613, 389880, 949358]
economy : 3787835469, 102, 2, [953709, 701547, 277967, 770343]
economy : 6674789359, 176, 2, [949358, 953709]
economy : 9170817738, 84, 1, [277967, 195012]
economy : 1464142942, 111, 0, [389880, 770343]
economy : 6143282044, 162, 1, [389880, 953709, 195012]
economy : 7512858222, 107, 0, [949358, 701547]
business : 3418402327, 157, 1, [770343, 277967, 389880, 188613]
economy : 5623028021, 41, 2, [389880, 529931, 953709, 949358]
economy : 7603379184, 169, 1, [701547, 953709, 188613]
economy : 7147931753, 87, 4, [389880, 277967, 949358, 188613]
economy : 8192396253, 200, 3, [529931, 770343, 389880, 188613]
economy : 3020640251, 75, 0, [277967, 965754]
economy : 5643465598, 137, 3, [277967, 188613, 770343]
economy : 9588238303, 106, 2, [953709, 195012, 188613]
economy : 4730871407, 56, 10, [195012, 965754]
economy : 1571626962, 115, 9, [701547, 529931, 188613]
economy : 7638572260, 184, 1, [277967, 953709, 965754]
economy : 7735553783, 109, 1, [195012, 949358, 277967, 389880]
first : 6687390508, 147, 6, [701547, 949358]
economy : 8002064376, 49, 0, [389880, 949358, 965754]
economy : 2986945656, 61, 1, [529931, 770343]
economy : 2788465142, 194, 1, [529931, 953709, 188613, 701547]
economy : 8387912145, 59, 2, [953709, 529931, 277967, 949358]
economy : 9810657890, 192, 1, [389880, 949358, 188613]
business : 8133348618, 85, 1, [389880, 188613, 953709]
economy : 6515562173, 81, 3, [529931, 277967, 770343, 701547]
economy : 5322199036, 135, 1, [949358, 277967, 389880]
economy : 2537664790, 81, 0, [953709, 529931]
business : 9826277070, 64, 4, [529931, 188613]
economy : 8001604594, 155, 1, [770343, 953709, 949358, 277967]
business : 5747533238, 142, 2, [529931, 277967, 389880, 770343]
economy : 7820748229, 167, 1, [949358, 953709]
economy : 4683318846, 184, 5, [953709, 188613, 770343, 529931]
economy : 4248363553, 189, 0, [389880, 529931]
economy : 2518906813, 44, 2, [188613, 389880, 529931]
economy : 6898835965, 140, 1, [770343, 277967]
first : 6398895398, 57, 2, [277967, 389880, 770343]
economy : 6373042869, 118, 8, [953709, 195012, 965754, 188613]
economy : 2663679256, 118, 3, [965754, 529931]
economy : 6069202331, 193, 5, [965754, 701547, 529931]
business : 5172998835, 115, 1, [965754, 529931, 701547]
business : 9135637040, 49, 1, [701547, 965754, 188613, 529931]
economy : 4804782867, 64, 3, [770343, 389880, 277967, 953709]
economy : 9301128671, 68, 0, [949358, 188613]
economy : 9109784033, 61, 1, [188613, 701547]
business : 7748408855, 187, 1, [188613, 770343, 965754]
economy : 3368412270, 114, 0, [389880, 949358, 965754]
luxury : 3687508426, 136, 1, [188613, 195012, 949358]
economy : 5119003438, 154, 2, [949358, 529931, 195012]
economy : 9771824105, 146, 2, [188613, 953709]
economy : 6912482223, 196, 2, [195012, 188613]
economy : 2791854209, 162, 6, [701547, 965754]
economy : 6743882958, 46, 1, [277967, 195012, 949358]
economy : 3134268696, 146, 4, [953709, 965754, 188613]
business : 4194888041, 196, 2, [965754, 701547, 188613, 389880]
business : 5120224475, 134, 2, [949358, 965754]
luxury : 9488770749, 171, 0, [949358, 277967, 953709]
economy : 8510097904, 191, 1, [953709, 389880]
economy : 1601648705, 143, 4, [195012, 953709, 188613, 701547]
economy : 7377010092, 96, 4, [770343, 953709]
economy : 9144142037, 67, 4, [188613, 770343, 949358]
economy : 7275930657, 105, 2, [770343, 195012, 965754]
business : 2029783421, 53, 7, [953709, 195012]
economy : 9683195182, 162, 2, [965754, 195012, 529931, 277967]
economy : 1852862603, 147, 1, [953709, 529931, 965754]
economy : 8443945108, 93, 2, [195012, 949358, 953709]
economy : 2165771294, 186, 0, [277967, 770343]
business : 8579357799, 177, 2, [949358, 965754]
economy : 3688034092, 174, 2, [188613, 953709, 965754, 529931]
business : 1168441091, 41, 1, [770343, 701547, 953709]
economy : 4459060484, 46, 3, [188613, 529931]
economy : 4853053975, 162, 3, [701547, 965754, 529931]
economy : 9181836117, 183, 2, [965754, 953709, 770343, 277967]
business : 7125360883, 121, 3, [188613, 701547, 277967]
economy : 3609611725, 193, 3, [195012, 529931]
first : 5142189636, 128, 2, [277967, 195012]
economy : 1629023240, 82, 2, [965754, 389880, 701547, 770343]
economy : 2347931931, 105, 2, [188613, 195012, 953709]
economy : 7008992791, 92, 0, [949358, 965754, 701547]
economy : 9291483314, 185, 0, [529931, 953709]
business : 1890116158, 155, 1, [701547, 949358, 188613]
economy : 8049860904, 127, 2, [701547, 770343]
economy : 6576426424, 142, 1, [277967, 770343, 529931]
economy : 5322653841, 139, 2, [770343, 188613, 277967, 701547]
business : 6121851240, 146, 1, [277967, 949358, 701547, 953709]
economy : 2338729012, 137, 0, [389880, 188613, 953709, 949358]
economy : 4976754763, 91, 2, [389880, 195012, 949358, 965754]
business : 3612356280, 42, 1, [529931, 770343]
economy : 4491897856, 173, 2, [188613, 953709, 770343, 529931]
economy : 1484339002, 106, 1, [770343, 389880, 188613]
economy : 6442945920, 135, 8, [953709, 949358, 529931, 701547]
first : 5515470522, 162, 2, [949358, 701547, 195012]
economy : 4050420555, 174, 0, [188613, 195012, 389880, 949358]
luxury : 7472255495, 58, 1, [277967, 389880, 949358, 529931]
economy : 8180197052, 64, 2, [701547, 953709, 188613, 949358]
economy : 1809098691, 195, 3, [277967, 195012]
economy : 9024054634, 105, 0, [953709, 949358, 195012]
business : 2486571388, 95, 1, [949358, 701547, 195012]
economy : 5618721322, 95, 1, [195012, 953709, 949358]
business : 2019308154, 70, 2, [188613, 277967, 949358]
economy : 9911834954, 123, 1, [965754, 953709, 277967]
economy : 3966096124, 71, 1, [188613, 529931, 701547]
economy : 8463678077, 171, 1, [188613, 953709, 701547, 770343]
economy : 8515126446, 144, 0, [953709, 277967, 389880, 770343]
business : 3260522722, 106, 10, [188613, 965754, 953709, 529931]
economy : 2497304165, 179, 2, [389880, 188613, 529931]
first : 9225561360, 173, 1, [529931, 965754]
economy : 1984192435, 128, 1, [701547, 389880, 277967, 953709]
economy : 7393713668, 76, 1, [965754, 389880, 953709, 949358]
first : 4679611649, 148, 2, [949358, 277967]
economy : 4268893821, 78, 1, [953709, 277967, 188613, 529931]
economy : 9388434942, 122, 2, [188613, 389880, 949358]
economy : 2817912857, 41, 0, [953709, 277967]
economy : 1625093296, 98, 2, [770343, 389880]
economy : 3847134968, 157, 2, [188613, 953709]
economy : 1673618236, 100, 3, [529931, 770343, 195012, 277967]
economy : 5676921649, 148, 10, [389880, 949358, 953709, 277967]
economy : 8635889642, 171, 2, [770343, 701547, 277967, 529931]
first : 6809949668, 169, 1, [965754, 389880, 770343]
economy : 8798457716, 99, 4, [701547, 195012]
economy : 2930573895, 51, 1, [949358, 770343, 188613]
economy : 5456551005, 120, 10, [389880, 770343, 949358, 965754]
economy : 7152515736, 108, 1, [965754, 277967, 949358]
business : 2489750743, 60, 2, [953709, 965754, 529931]
business : 1404622918, 192, 1, [965754, 949358, 701547]
economy : 3034118277, 159, 3, [953709, 195012, 389880]
economy : 9291515877, 197, 10, [701547, 949358, 770343, 953709]
economy : 3756299582, 131, 0, [953709, 529931, 277967]
economy : 6972240496, 61, 2, [965754, 389880, 770343]
economy : 1139145683, 197, 3, [195012, 389880, 529931, 949358]
business : 3492261617, 94, 5, [965754, 770343]
business : 2792401275, 99, 8, [953709, 770343, 529931, 195012]
luxury : 1066851974, 65, 3, [195012, 701547]
economy : 4251444157, 121, 3, [949358, 195012, 770343, 953709]
business : 9947886532, 101, 0, [529931, 965754, 195012]
economy : 7058978027, 68, 1, [953709, 277967, 529931]
economy : 5528994108, 81, 1, [195012, 529931]
economy : 9785205897, 192, 0, [188613, 529931, 701547, 949358]
economy : 4799963421, 146, 1, [277967, 701547, 529931]
first : 9989920240, 169, 5, [965754, 389880, 953709, 701547]
economy : 4033990337, 186, 2, [188613, 949358, 529931]
business : 8386064117, 188, 6, [389880, 965754, 188613]
business : 2152740919, 107, 0, [188613, 389880, 701547, 529931]
economy : 7702920170, 153, 2, [188613, 277967, 529931, 953709]
economy : 2384173985, 70, 0, [770343, 277967, 953709]
economy : 6184372346, 150, 4, [195012, 188613]
economy : 3671660868, 165, 2, [953709, 770343, 949358]
luxury : 8982811890, 147, 4, [965754, 770343]
economy : 1643756054, 70, 1, [953709, 188613, 277967]
business : 3442764378, 200, 1, [188613, 770343, 965754]
business : 9989770030, 185, 1, [529931, 949358]
economy : 8219048250, 200, 1, [965754, 277967, 188613]
economy : 5352822253, 65, 4, [389880, 770343, 195012, 953709]
luxury : 7741973310, 176, 3, [701547, 770343, 277967, 965754]
economy : 4510577283, 75, 9, [770343, 965754]
business : 5905287261, 169, 2, [195012, 277967]
economy : 8509728088, 91, 2, [188613, 770343]
business : 4444488894, 116, 1, [953709, 389880, 770343, 949358]
economy : 7019433225, 142, 1, [529931, 953709, 701547]
business : 4980093005, 183, 2, [529931, 195012]
economy : 7957939064, 158, 2, [949358, 770343, 188613, 953709]
first : 1104096693, 67, 6, [195012, 389880, 701547, 949358]
economy : 9721877279, 43, 1, [389880, 529931]
economy : 6952274652, 56, 2, [949358, 195012, 529931]
business : 7739304630, 150, 8, [277967, 389880]
economy : 1898179447, 62, 1, [389880, 770343]
business : 3518910652, 135, 2, [529931, 949358, 965754]
economy : 3760907436, 46, 3, [953709, 949358, 965754]
economy : 9711337492, 70, 0, [770343, 965754]
first : 2521359109, 115, 0, [277967, 953709, 949358, 195012]
economy : 5520507838, 158, 2, [389880, 965754, 949358, 770343]
economy : 7657072806, 165, 5, [529931, 195012]
economy : 4537784269, 199, 2, [965754, 701547]
economy : 5595640080, 188, 1, [701547, 965754, 277967]
economy : 1406190814, 66, 3, [949358, 701547]
economy : 9386621698, 122, 5, [389880, 770343]
economy : 5505429293, 192, 1, [949358, 770343, 188613]
business : 9980044443, 166, 2, [965754, 770343, 188613]
business : 3797955808, 93, 1, [188613, 949358, 701547]
economy : 7160245533, 98, 1, [195012, 389880]
economy : 2889937493, 91, 1, [195012, 953709]
business : 9339438093, 87, 0, [701547, 389880]
economy : 3909801162, 198, 2, [529931, 701547]
first : 3443461534, 70, 4, [277967, 389880]
business : 8665235087, 88, 1, [188613, 529931, 195012]
business : 1978970527, 183, 1, [949358, 770343, 529931, 195012]
economy : 6076690701, 181, 9, [949358, 277967, 389880]
economy : 5064824358, 197, 6, [770343, 277967, 188613]
economy : 8600930937, 59, 2, [701547, 277967, 195012]
economy : 7134612195, 117, 0, [770343, 195012]
economy : 8874428817, 46, 1, [195012, 389880]
economy : 3275386408, 197, 2, [529931, 277967, 389880]
economy : 5374810729, 120, 8, [188613, 965754]
economy : 3646323255, 41, 8, [953709, 188613]
economy : 5106300737, 182, 1, [195012, 389880, 188613, 277967]
economy : 9929543231, 113, 1, [949358, 195012]
first : 4280388962, 162, 1, [965754, 277967]
economy : 6706173827, 93, 3, [188613, 953709, 701547, 389880]
economy : 2220080385, 143, 2, [529931, 277967, 188613]
business : 9249511841, 166, 8, [770343, 529931, 965754]
economy : 1764518736, 171, 2, [277967, 188613, 195012, 770343]
business : 9680086437, 176, 1, [195012, 770343]
economy : 4411787602, 142, 1, [389880, 949358]
economy : 3026156751, 126, 6, [965754, 188613, 953709]
economy : 7561979261, 175, 1, [277967, 195012, 965754]
business : 1342365867, 122, 10, [277967, 529931, 188613, 965754]
economy : 7354178094, 136, 4, [389880, 529931, 277967, 195012]
economy : 4579022673, 50, 9, [949358, 188613, 965754]
economy : 5445211092, 101, 3, [770343, 965754, 949358, 277967]
economy : 2619437638, 183, 1, [188613, 949358]
economy : 1805025885, 139, 1, [701547, 953709, 389880]
economy : 9695024882, 60, 2, [770343, 701547, 389880, 188613]
economy : 4123597447, 191, 3, [389880, 195012, 949358, 965754]
economy : 9339775375, 163, 1, [529931, 965754, 195012, 389880]
economy : 3865864829, 92, 2, [277967, 701547, 953709]
economy : 6848051999, 186, 0, [529931, 389880]
economy : 1876529128, 159, 0, [195012, 277967, 965754]
economy : 9265404147, 153, 2, [389880, 965754, 701547]
economy : 3927144685, 183, 6, [701547, 195012, 529931, 949358]
economy : 9786320234, 72, 0, [949358, 770343]
economy : 2548554417, 168, 2, [949358, 188613]
economy : 6534237320, 72, 6, [953709, 195012, 277967, 949358]
economy : 2337806387, 174, 1, [965754, 701547, 953709]
economy : 5197958462, 65, 2, [953709, 529931, 770343]
economy : 6662893112, 114, 1, [277967, 770343, 953709, 188613]
business : 5937515292, 75, 1, [188613, 953709, 529931, 949358]
economy : 3716786331, 152, 3, [949358, 965754]
economy : 7888702023, 90, 1, [188613, 770343, 195012]
first : 8906737141, 123, 1, [277967, 529931, 949358, 965754]
business : 6148500434, 91, 1, [953709, 195012]
first : 4471796889, 150, 2, [949358, 195012]
economy : 8768996174, 91, 3, [195012, 529931, 953709]
economy : 6758561515, 50, 0, [953709, 529931, 188613]
economy : 7084424123, 172, 1, [770343, 529931]
business : 1291421658, 195, 1, [701547, 188613, 965754]
economy : 5461537217, 97, 1, [529931, 701547, 949358, 188613]
business : 9395213887, 58, 0, [188613, 953709]
economy : 5136932931, 100, 1, [701547, 949358, 277967, 195012]
first : 3924768277, 170, 3, [701547, 770343]
economy : 3546792190, 90, 1, [701547, 965754, 188613, 770343]
economy : 5107260514, 148, 4, [195012, 770343]
economy : 5136568185, 191, 2, [965754, 529931, 195012, 949358]
economy : 1078911292, 181, 2, [277967, 188613, 949358]
economy : 3821299963, 182, 1, [188613, 701547, 953709]
economy : 3680993104, 55, 5, [277967, 965754]
economy : 3911066552, 156, 4, [277967, 965754]
business : 7171997033, 127, 1, [195012, 770343, 389880]
economy : 9551134225, 116, 3, [965754, 277967, 701547]
business : 1482963076, 169, 8, [277967, 529931, 195012]
economy : 6870384976, 107, 2, [701547, 195012]
first : 2296962979, 199, 1, [389880, 949358]
economy : 4040461315, 106, 0, [277967, 770343, 529931]
business : 6472311210, 65, 0, [277967, 188613, 389880]
business : 5224611043, 161, 2, [277967, 949358, 188613, 389880]
economy : 1460584984, 130, 2, [389880, 965754, 953709]
luxury : 6914476916, 48, 6, [195012, 965754]
business : 5840451074, 192, 1, [949358, 770343, 965754, 953709]
business : 6808339875, 103, 1, [529931, 188613, 389880]
first : 9191644341, 139, 1, [770343, 188613, 965754]
first : 6830577567, 109, 1, [949358, 701547, 529931, 188613]
economy : 5851545427, 90, 4, [953709, 277967, 195012]
economy : 8145566035, 157, 1, [949358, 389880, 188613]
economy : 3915801597, 73, 2, [953709, 389880]
business : 2791369742, 110, 2, [529931, 770343, 277967]
economy : 1991160544, 153, 1, [701547, 770343, 277967, 949358]
economy : 5894993112, 77, 2, [953709, 770343, 188613, 195012]
economy : 2132190985, 49, 1, [529931, 770343, 701547]
economy : 8103846855, 71, 1, [701547, 389880, 188613, 277967]
business : 7136751607, 66, 6, [949358, 389880, 277967, 965754]
first : 5920607952, 73, 1, [277967, 188613]
business : 4265332712, 191, 3, [529931, 953709, 770343, 949358]
economy : 9460103729, 160, 1, [701547, 389880]
luxury : 8055970107, 175, 2, [389880, 770343]
economy : 7326248197, 160, 3, [389880, 770343, 277967]
business : 9492215240, 73, 2, [965754, 953709, 188613, 389880]
economy : 8188681938, 123, 7, [949358, 701547]
economy : 3155750211, 173, 1, [965754, 188613, 770343]
economy : 3346858975, 47, 6, [529931, 965754, 389880]
first : 5007340360, 154, 0, [770343, 949358, 953709]
economy : 3051525170, 181, 0, [965754, 701547, 389880]
economy : 5199908581, 91, 4, [953709, 188613, 701547]
economy : 5045899029, 79, 2, [529931, 389880, 188613]
economy : 7733904313, 140, 2, [949358, 277967]
luxury : 7179420648, 110, 1, [949358, 965754, 195012, 389880]
economy : 1687139936, 133, 2, [949358, 965754, 277967]
economy : 6841070687, 125, 8, [949358, 277967, 195012]
economy : 7769949685, 80, 2, [529931, 195012]
economy : 7001517359, 71, 2, [277967, 770343, 529931, 389880]
economy : 1136613809, 194, 5, [965754, 389880, 770343]
luxury : 9849885727, 133, 9, [770343, 701547, 389880]
business : 7243583103, 69, 6, [188613, 195012, 965754, 949358]
first : 8540996141, 113, 7, [529931, 389880, 195012]
economy : 8451688347, 85, 1, [953709, 965754, 195012]
economy : 4880888930, 89, 3, [188613, 389880, 953709, 195012]
economy : 4158355405, 167, 7, [529931, 965754, 389880]
economy : 3167608338, 58, 1, [389880, 770343, 277967, 965754]
economy : 1919697953, 117, 1, [949358, 953709]
first : 3771298522, 170, 5, [389880, 770343]
economy : 1762122281, 167, 2, [701547, 195012, 277967]
economy : 4299343485, 66, 1, [529931, 188613]
business : 5236367069, 95, 4, [389880, 770343, 701547, 188613]
first : 7619002530, 54, 3, [277967, 770343, 953709, 195012]
economy : 2165879626, 99, 10, [953709, 195012]
economy : 2350763801, 144, 6, [195012, 277967, 965754]
economy : 8892552785, 172, 2, [188613, 277967]
economy : 3808737499, 60, 10, [277967, 188613, 965754, 529931]
economy : 9194041779, 112, 0, [188613, 529931, 953709]
economy : 7305142808, 134, 2, [701547, 770343]
business : 9634248731, 101, 2, [389880, 949358, 188613, 195012]
economy : 6655674790, 59, 1, [195012, 701547, 188613, 965754]
economy : 4558332716, 128, 1, [770343, 529931, 949358, 701547]
economy : 8621661112, 120, 5, [770343, 389880, 529931, 701547]
economy : 4323245021, 200, 1, [195012, 277967]
economy : 8594831310, 49, 1, [529931, 953709]
luxury : 8468590208, 142, 1, [277967, 953709, 188613]
economy : 1634120485, 147, 3, [195012, 949358, 277967]
economy : 1397584384, 79, 4, [770343, 965754]
economy : 6421621842, 159, 7, [188613, 701547]
economy : 8936770318, 140, 1, [965754, 188613, 949358, 195012]
economy : 3375747065, 162, 0, [701547, 195012, 188613, 953709]
economy : 1435367596, 194, 2, [770343, 701547, 965754]
economy : 4820959377, 127, 10, [953709, 770343]
economy : 9659244469, 51, 2, [701547, 953709, 949358]
economy : 2401220528, 119, 0, [949358, 195012]
economy : 4615780748, 84, 1, [949358, 701547, 965754]
business : 7752087474, 88, 1, [770343, 195012, 188613, 949358]
business : 6250465760, 48, 6, [953709, 965754, 389880, 949358]
first : 8635612375, 118, 1, [529931, 277967, 953709, 949358]
economy : 5932533764, 155, 1, [277967, 770343, 701547]
economy : 4598701347, 108, 2, [529931, 195012, 701547, 949358]
economy : 9853159030, 109, 0, [965754, 195012, 770343, 277967]
economy : 3280491265, 190, 1, [277967, 195012, 770343, 949358]
economy : 6775960709, 161, 1, [949358, 389880, 188613]
economy : 1023754379, 98, 1, [949358, 277967]
economy : 7414312590, 151, 1, [701547, 770343, 188613, 195012]
economy : 3635993800, 117, 1, [701547, 389880, 277967, 953709]
economy : 4830927182, 90, 1, [770343, 949358]
business : 6186306644, 87, 2, [195012, 389880]
economy : 9355109328, 99, 1, [949358, 953709, 277967]
economy : 7598168387, 98, 1, [277967, 195012, 949358, 953709]
economy : 3994106243, 188, 1, [529931, 389880, 277967]
economy : 7534446985, 140, 2, [965754, 195012]
economy : 5960799796, 94, 0, [195012, 770343, 188613]
business : 7741740998, 133, 1, [770343, 389880, 188613]
economy : 9867050159, 45, 1, [949358, 389880, 529931]
economy : 9577260514, 52, 0, [188613, 965754, 953709]
economy : 1206907409, 174, 9, [188613, 701547]
luxury : 2676066270, 181, 0, [965754, 953709]
business : 9362252860, 167, 1, [770343, 701547]
economy : 5980922639, 102, 2, [277967, 195012, 188613]
economy : 7409819397, 112, 0, [953709, 701547, 277967]
economy : 2387954922, 133, 4, [965754, 188613, 701547]
economy : 1054947078, 140, 1, [389880, 770343]
economy : 2204359962, 168, 2, [529931, 195012, 949358]
economy : 4485907588, 61, 3, [195012, 389880, 949358]
economy : 6970595222, 70, 2, [770343, 529931, 701547]
luxury : 7424027877, 121, 2, [953709, 389880, 965754]
economy : 1257128846, 133, 2, [949358, 953709]
economy : 8421170396, 83, 2, [195012, 953709, 277967]
economy : 2812159729, 173, 2, [529931, 965754]
economy : 9849913557, 124, 2, [701547, 965754, 277967, 529931]
economy : 6555673307, 76, 0, [389880, 277967, 949358, 195012]
economy : 6513833631, 158, 1, [389880, 188613]
luxury : 1659157620, 72, 2, [953709, 529931, 389880, 188613]
economy : 8671779532, 175, 1, [770343, 965754, 195012, 701547]
economy : 2384986870, 147, 10, [953709, 529931, 770343]
economy : 3758388247, 129, 4, [770343, 277967, 701547, 953709]
economy : 9375049188, 145, 3, [770343, 529931, 389880]
economy : 3342604645, 162, 1, [701547, 188613]
economy : 1544375693, 64, 3, [949358, 389880]
business : 8740179055, 54, 8, [195012, 389880, 701547]
business : 9314199728, 160, 0, [953709, 770343, 188613]
economy : 8300940124, 172, 2, [701547, 953709]
economy : 5507268522, 194, 3, [770343, 277967, 188613, 195012]
economy : 6821356068, 178, 5, [949358, 770343, 953709, 701547]
business : 8324201170, 59, 2, [529931, 965754, 949358]
economy : 4419403923, 132, 2, [953709, 770343]
economy : 7091350678, 64, 2, [701547, 965754, 389880, 529931]
economy : 1062346794, 185, 2, [188613, 949358, 389880, 953709]
economy : 4101165545, 132, 3, [953709, 965754, 277967]
economy : 2523615136, 63, 1, [701547, 389880, 195012]
business : 2393617337, 191, 7, [701547, 277967, 953709]
economy : 4646279126, 159, 2, [529931, 389880, 188613]
economy : 6686021119, 86, 1, [965754, 389880, 195012]
economy : 7799028334, 106, 3, [277967, 953709, 770343, 188613]
economy : 3063562246, 94, 5, [701547, 965754]
economy : 2302355047, 61, 3, [953709, 277967]
economy : 9324402862, 155, 1, [770343, 389880]
economy : 3671241796, 176, 1, [389880, 953709, 965754]
business : 9795408263, 184, 4, [188613, 701547, 770343]
economy : 2924761957, 155, 5, [389880, 953709, 195012]
economy : 6121344754, 141, 0, [195012, 389880, 949358, 965754]
business : 3575852363, 126, 1, [965754, 389880]
economy : 9932522703, 185, 1, [195012, 389880, 701547]
economy : 9609802558, 91, 2, [949358, 188613, 965754, 770343]
economy : 8618355418, 82, 1, [195012, 529931, 277967]
business : 2292602866, 47, 5, [277967, 949358, 188613]
economy : 1000074421, 146, 2, [965754, 701547, 389880]
economy : 5609277888, 143, 2, [949358, 529931]
economy : 2913195581, 144, 0, [529931, 277967, 389880, 770343]
economy : 2909762796, 105, 1, [389880, 195012]
economy : 8291204844, 57, 1, [277967, 195012]
economy : 9758749253, 81, 5, [188613, 277967, 195012, 529931]
economy : 8843136437, 133, 2, [770343, 949358, 965754]
economy : 6997751126, 88, 0, [701547, 529931, 195012]
business : 6456803813, 148, 5, [195012, 277967]
