3 1580 419
10080 4680 9558 98280 5584
hub : 727210, 12736, 3103, 41.14, 281700, 3
hub : 622700, 24339, 9779, 53.57, 223200, 4
hub : 915207, 29443, -3145, 51.48, 167700, 5
hub : 449972, 40675, -408, 49.72, 212100, 5
hub : 274860, 41636, -10720, 52.03, 164400, 4
hub : 730462, 33148, -17359, 60.5, 296100, 4
hub : 524829, 22291, -25851, 33.0, 176700, 4
hub : 682727, 10338, -28651, 34.32, 257100, 3
hub : 254852, 7909, -18484, 48.29, 152100, 3
hub : 301326, 18892, -12165, 45.76, 228900, 5
hub : 957360, 6484, -7828, 43.01, 206400, 4
hub : 304553, -3097, 1461, 57.31, 246600, 4
hub : 720453, -11307, -4961, 62.15, 279600, 3
hub : 459370, -5148, -15555, 61.49, 169200, 5
hub : 213080, -7315, -26807, 37.62, 291900, 5
hub : 407479, -18349, -26220, 40.48, 250200, 5
hub : 754313, -24781, -14928, 60.72, 236100, 2
hub : 568334, -35729, -14346, 47.63, 294000, 4
hub : 586628, -44156, -20937, 34.65, 160800, 4
hub : 174685, -46512, -33171, 41.25, 299400, 5
hub : 169766, -34102, -39599, 38.17, 220800, 3
hub : 932197, -26729, -49111, 59.84, 242100, 5
hub : 882454, -25770, -59407, 63.03, 272700, 5
hub : 824676, -38526, -62395, 61.16, 226500, 4
hub : 508404, -35945, -73638, 39.05, 152100, 2
hub : 894672, -49614, -74730, 51.92, 249000, 4
hub : 786063, -50322, -87037, 53.9, 188400, 4
hub : 190018, -59697, -82076, 50.38, 276300, 5
hub : 470371, -70010, -76619, 48.07, 219600, 5
hub : 249494, -83122, -77666, 59.73, 220500, 2
hub : 463659, -93006, -75626, 50.93, 195600, 5
hub : 353855, -95628, -88057, 62.04, 285000, 3
hub : 495379, -82670, -92715, 44.55, 281400, 2
hub : 308801, -91614, -97757, 36.85, 231600, 3
hub : 597800, -100833, -102953, 42.79, 281700, 2
hub : 545248, -106403, -113367, 36.85, 156600, 5
hub : 364408, -101392, -122349, 33.0, 171600, 5
hub : 839908, -89608, -119699, 59.51, 196800, 3
hub : 576255, -78797, -113730, 52.58, 263400, 5
hub : 842601, -68062, -116045, 55.0, 276600, 3
hub : 262369, -74626, -124833, 39.82, 288600, 3
hub : 832758, -76950, -135847, 46.2, 255300, 2
hub : 102254, -88579, -135023, 59.51, 290700, 4
hub : 137373, -85047, -144451, 36.19, 278400, 2
hub : 989280, -95605, -152411, 41.36, 222900, 4
hub : 979483, -106204, -148494, 45.98, 199200, 2
hub : 711391, -101939, -136793, 51.48, 193200, 3
hub : 777871, -113484, -137715, 64.79, 218400, 2
hub : 814565, -117108, -128293, 49.17, 246600, 2
hub : 220640, -128932, -125853, 59.95, 259500, 3
hub : 686991, -138659, -116423, 53.46, 294000, 5
hub : 627362, -133269, -106126, 37.95, 294000, 5
hub : 149924, -144350, -105537, 44.22, 228300, 5
hub : 865148, -156125, -110247, 41.14, 272700, 4
hub : 318274, -167250, -109656, 64.02, 297300, 4
hub : 869608, -177148, -117397, 61.16, 246000, 5
hub : 710252, -179625, -107030, 58.19, 298500, 3
hub : 531980, -173888, -96073, 40.48, 205200, 2
hub : 755892, -184299, -88649, 44.88, 212700, 4
hub : 448677, -176124, -80141, 52.91, 195900, 3
hub : 155349, -186087, -73037, 39.16, 163500, 3
hub : 418947, -195953, -76984, 44.66, 242400, 5
hub : 841981, -204141, -66609, 56.32, 218100, 4
hub : 872454, -199748, -53859, 57.2, 173100, 5
hub : 445195, -188213, -51049, 61.49, 165900, 3
hub : 723750, -177915, -56382, 56.32, 250800, 3
hub : 540226, -176916, -67095, 37.51, 286500, 2
hub : 335187, -164931, -67626, 43.01, 191700, 5
hub : 413470, -153047, -62749, 58.74, 221100, 4
hub : 186767, -157885, -50809, 33.0, 205800, 4
hub : 254196, -147263, -54416, 64.9, 279300, 4
hub : 778057, -139873, -61455, 54.67, 265200, 3
hub : 829172, -133623, -72206, 49.61, 155400, 5
hub : 223644, -139408, -83498, 53.79, 177000, 2
hub : 619720, -151137, -79399, 35.97, 222600, 2
hub : 279774, -157508, -91834, 41.69, 153000, 3
hub : 371993, -161277, -82531, 62.37, 180600, 3
hub : 607960, 15093, 14464, 47.63, 261600, 3
hub : 493645, 21223, 26696, 38.61, 168000, 5
hub : 157732, 23169, 37308, 59.73, 272700, 2
hub : 868228, 9808, 37781, 60.61, 270600, 5
hub : 715143, 8484, 50746, 62.7, 187500, 4
hub : 405535, 14691, 59534, 36.3, 259800, 5
hub : 933760, 19881, 50607, 61.71, 241500, 5
hub : 181982, 30795, 53265, 40.37, 258600, 5
hub : 143845, 35732, 40764, 58.96, 270000, 4
hub : 778971, 48125, 38320, 39.05, 207600, 2
hub : 369283, 44881, 51899, 49.83, 257400, 3
hub : 706503, 39130, 61996, 64.13, 222600, 2
hub : 740616, 35937, 75358, 59.62, 155100, 5
hub : 734903, 40628, 84319, 35.2, 242700, 5
hub : 675764, 52473, 81983, 48.4, 294900, 3
hub : 310709, 64646, 75679, 64.13, 173400, 3
hub : 496293, 61674, 88115, 44.0, 177000, 2
hub : 815802, 52701, 96815, 49.83, 204900, 3
hub : 275695, 51612, 109733, 34.32, 159900, 3
hub : 385257, 62335, 113913, 38.61, 199800, 3
hub : 118658, 69683, 121560, 52.36, 265200, 5
hub : 689893, 62263, 128753, 63.03, 184800, 5
hub : 696030, 53185, 137554, 46.31, 273600, 5
hub : 533005, 43095, 139636, 39.27, 282300, 3
hub : 755022, 32022, 135432, 55.55, 267900, 2
hub : 282294, 25590, 147207, 34.98, 267900, 4
hub : 114341, 19728, 157935, 61.82, 286800, 4
hub : 429078, 15293, 146093, 65.01, 210000, 3
hub : 861105, 6333, 151039, 33.11, 228900, 5
hub : 941956, -5357, 144719, 63.47, 222600, 5
hub : 782439, 999, 132836, 56.76, 203400, 3
hub : 986803, 1797, 118987, 34.76, 256500, 4
hub : 729700, -458, 109165, 36.74, 240300, 2
hub : 110775, -11002, 101505, 35.86, 187800, 3
hub : 303797, -3483, 93818, 50.16, 208800, 3
hub : 929299, 6696, 95919, 43.12, 235200, 3
hub : 632694, 14859, 106648, 38.94, 175500, 2
hub : 950178, 26012, 105758, 58.74, 293400, 3
hub : 930693, 18041, 116627, 35.75, 220500, 3
hub : 272622, 27349, 121552, 64.02, 226200, 2
hub : 766545, 36582, 116349, 61.16, 254400, 4
hub : 204085, 40206, 106125, 64.79, 274200, 2
hub : 135998, 40837, 95175, 43.01, 270900, 5
hub : 261586, 30948, 91620, 56.87, 180000, 3
hub : 220545, 22353, 83138, 39.82, 293700, 2
hub : 594971, 19756, 71823, 53.9, 208200, 3
hub : 845857, 24770, 62448, 51.92, 227100, 3
hub : 290038, 35688, 12122, 51.37, 285300, 5
hub : 986932, 36829, 25666, 53.9, 273000, 3
hub : 146189, 45627, 20706, 46.42, 218400, 5
hub : 672950, 55761, 19898, 35.53, 257100, 3
hub : 613396, 66416, 11865, 57.2, 291600, 2
hub : 168904, 71412, 2525, 44.44, 231600, 3
hub : 142099, 79734, -3749, 43.78, 234300, 4
hub : 538113, 85904, 7546, 38.5, 153600, 3
hub : 966401, 98229, 2867, 65.34, 238500, 2
hub : 265887, 101022, 15546, 51.7, 220800, 2
hub : 778700, 103832, 28306, 35.09, 196200, 4
hub : 119552, 94517, 23270, 38.5, 153600, 2
hub : 659889, 81667, 26160, 56.32, 188400, 5
hub : 380056, 72488, 31227, 54.34, 290700, 5
hub : 264135, 63997, 39756, 36.85, 283200, 5
hub : 233174, 57554, 51550, 63.47, 189300, 3
hub : 832959, 51823, 62039, 43.45, 276900, 5
hub : 941263, 49595, 72155, 66.0, 228000, 3
hub : 806761, 61638, 65645, 34.98, 245100, 3
hub : 720552, 73541, 64907, 57.31, 173400, 3
hub : 501949, 84282, 57103, 64.02, 248400, 3
hub : 803475, 74232, 54749, 60.39, 232800, 5
hub : 345265, 75432, 41869, 46.75, 299700, 5
hub : 199200, 87271, 44753, 56.43, 258900, 2
hub : 712318, 98656, 51304, 36.74, 159600, 2
hub : 218874, 99904, 37918, 46.97, 240300, 3
hub : 649232, 112310, 39019, 33.99, 222300, 3
hub : 884071, 118168, 50208, 57.2, 158400, 3
hub : 260423, 120935, 63924, 59.18, 272700, 3
hub : 597508, 110961, 73594, 62.37, 266400, 2
hub : 299128, 119912, 80468, 37.51, 216000, 4
hub : 332922, 131127, 76436, 60.28, 206400, 3
hub : 409908, 130122, 88352, 50.93, 176400, 5
hub : 492644, 120170, 98000, 57.2, 217800, 2
hub : 513917, 111063, 102819, 41.03, 176700, 3
hub : 758217, 98854, 101845, 37.4, 261000, 5
hub : 976756, 89316, 108904, 64.79, 184500, 5
hub : 367445, 93302, 119841, 43.89, 246300, 2
hub : 686439, 83038, 119022, 58.19, 252300, 5
hub : 845090, 76575, 106937, 56.43, 263100, 3
hub : 779391, 65709, 98745, 40.92, 217500, 4
hub : 693221, 73707, 88039, 53.68, 174900, 4
hub : 884291, 81555, 95923, 44.99, 154500, 2
hub : 791556, 92117, 87960, 51.15, 243900, 2
hub : 617461, 100636, 81537, 50.82, 186900, 3
hub : 336558, 107523, 90588, 57.09, 252900, 3
hub : 547982, 27945, 19153, 59.51, 228000, 4
hub : 429500, 49019, 7681, 45.98, 207600, 4
hub : 869162, 58793, -2312, 33.88, 157200, 3
hub : 110003, 55752, -15556, 63.8, 281400, 2
hub : 301412, 67389, -9398, 34.98, 226800, 4
hub : 233515, 78020, -15390, 33.66, 250200, 2
hub : 564690, 67345, -23146, 54.12, 165900, 5
hub : 291773, 67993, -34391, 40.15, 242400, 5
hub : 927976, 68753, -47597, 55.11, 160800, 5
hub : 310961, 77209, -56242, 49.06, 235800, 2
hub : 769782, 86984, -58531, 57.53, 232500, 5
hub : 736647, 93706, -67871, 56.43, 150300, 2
hub : 870815, 88876, -80103, 61.82, 167700, 3
hub : 278421, 78786, -82093, 54.34, 235500, 5
hub : 340945, 72357, -90389, 44.66, 227100, 2
hub : 633262, 80045, -101071, 63.36, 288000, 2
hub : 454304, 88450, -95077, 34.21, 285600, 5
hub : 376807, 90752, -107027, 42.68, 194700, 5
hub : 721986, 103295, -106360, 41.47, 257100, 5
hub : 754821, 103949, -117714, 49.17, 192900, 2
hub : 559721, 117053, -117017, 39.6, 213600, 5
hub : 947344, 116011, -128197, 39.82, 237600, 5
hub : 938305, 127743, -124096, 63.8, 178200, 5
hub : 786097, 134412, -112385, 43.56, 151200, 2
hub : 969141, 131654, -98715, 48.51, 257400, 4
hub : 480759, 121617, -94803, 33.88, 245700, 2
hub : 890916, 125983, -83453, 43.01, 158400, 4
hub : 135487, 125138, -70734, 51.37, 184800, 5
hub : 471156, 112750, -71503, 56.76, 240300, 5
hub : 401314, 111955, -59549, 53.57, 188100, 2
hub : 480582, 124982, -60589, 60.06, 255600, 2
hub : 222114, 136844, -65092, 61.16, 216600, 4
hub : 809612, 145224, -71410, 44.11, 261900, 2
hub : 692796, 154749, -64360, 34.87, 292200, 5
hub : 368628, 163227, -70752, 64.02, 207000, 4
hub : 804050, 172331, -77615, 34.87, 298800, 4
hub : 427886, 178822, -65733, 34.98, 154200, 2
hub : 149950, 191135, -72388, 41.36, 239100, 2
hub : 313766, 197823, -63268, 35.2, 212700, 5
hub : 433814, 208418, -60885, 44.0, 220800, 2
hub : 201029, 211994, -70433, 63.69, 231300, 2
hub : 411989, 223524, -66172, 40.04, 195000, 3
hub : 528496, 222823, -55628, 46.75, 257700, 4
hub : 958094, 233258, -63495, 38.39, 232200, 2
hub : 905082, 239181, -74569, 60.06, 195900, 3
hub : 797053, 241760, -86791, 46.97, 185400, 5
hub : 508876, 238695, -100142, 36.85, 298800, 5
hub : 632056, 248109, -109766, 47.3, 295500, 3
hub : 165579, 252117, -121071, 35.42, 160800, 5
hub : 101626, 247619, -132463, 39.82, 184500, 5
hub : 519371, 235712, -138630, 37.29, 299400, 2
hub : 421844, 222439, -135397, 63.36, 206700, 4
hub : 613472, 223686, -123184, 62.04, 206400, 3
hub : 250047, 225009, -110228, 48.73, 223200, 4
hub : 409066, 221154, -99042, 38.06, 280500, 2
hub : 457501, 210099, -104768, 64.57, 152700, 4
hub : 131835, 205179, -117227, 60.94, 270900, 5
hub : 233147, 200866, -128150, 63.58, 267000, 4
hub : 199696, 191925, -118847, 58.41, 207300, 5
hub : 716597, 180130, -124955, 38.17, 150600, 4
hub : 884581, 172355, -134988, 45.65, 193800, 2
hub : 235687, 184151, -134361, 54.89, 269400, 5
hub : 186363, 194898, -142767, 62.26, 221400, 4
hub : 886317, 199933, -152594, 64.02, 182400, 3
hub : 688428, 189521, -157987, 47.63, 205200, 5
hub : 925466, 181521, -146663, 55.11, 183900, 2
hub : 226912, 171516, -156192, 64.46, 154200, 3
hub : 723310, 164195, -145829, 61.6, 248100, 2
hub : 417928, 157734, -136684, 62.48, 276900, 5
hub : 673659, 146896, -128053, 48.51, 174600, 3
hub : 921991, 137311, -131309, 58.52, 296400, 4
hub : 489108, 142612, -141655, 42.9, 169200, 4
hub : 919931, 145121, -154680, 60.06, 246300, 4
hub : 776715, 132220, -157224, 55.33, 295800, 2
hub : 443828, 140143, -163421, 55.44, 298200, 4
hub : 556250, 152375, -164615, 42.79, 252000, 3
hub : 712152, 152839, -176273, 39.82, 224400, 4
hub : 425746, 162628, -178749, 59.18, 150000, 5
hub : 226880, 172037, -188715, 57.42, 268200, 3
hub : 761178, 180055, -178556, 36.08, 281400, 3
hub : 624110, 189683, -173677, 39.93, 299400, 2
hub : 685930, 200583, -174741, 64.46, 198600, 3
hub : 831281, 197822, -185864, 65.67, 224700, 3
hub : 251121, 209269, -190443, 56.54, 249300, 5
hub : 137180, 221607, -195379, 44.66, 237300, 5
hub : 624757, 232261, -193376, 34.43, 207900, 3
hub : 709502, 235791, -203920, 63.8, 287400, 4
hub : 344577, 247799, -206957, 57.31, 231000, 5
hub : 330088, 260566, -206505, 63.36, 170100, 3
hub : 161796, 260138, -192695, 59.07, 281100, 4
hub : 339549, 259827, -182659, 44.55, 196200, 4
hub : 548179, 273298, -184215, 47.3, 206400, 2
hub : 334256, 267662, -175930, 38.61, 162300, 3
hub : 258774, 268992, -164849, 50.05, 159900, 4
hub : 645889, 279907, -171521, 55.22, 296400, 4
hub : 650849, 277736, -158378, 65.78, 221100, 2
hub : 930561, 288522, -155030, 63.58, 249900, 5
hub : 535609, 298649, -163544, 63.91, 296400, 2
hub : 166113, 307619, -152971, 56.76, 226200, 3
hub : 569750, 316248, -158458, 54.01, 179100, 5
hub : 474208, 326441, -153738, 64.13, 179700, 3
hub : 117549, 337074, -156832, 54.56, 253500, 3
hub : 253740, 338816, -144213, 62.26, 226500, 5
hub : 837698, 349107, -135245, 33.11, 196200, 3
major : 382460, 35403, 572, 61.16, 172500, 2
major : 296088, 33173, -10119, 58.52, 247000, 2
major : 353550, 22660, -9605, 44.44, 181500, 1
major : 648794, 38742, -5304, 46.2, 248000, 1
major : 787763, 45774, -2448, 65.12, 220750, 3
major : 267396, 46924, -8441, 61.05, 237000, 1
major : 865970, 38276, -19693, 62.15, 140250, 3
major : 859983, 27453, -24398, 51.92, 158500, 2
major : 126575, 9939, -9986, 55.11, 181250, 1
major : 749660, 16493, -19863, 75.9, 130500, 2
major : 157735, 26273, -13893, 66.99, 155250, 3
major : 908892, 15277, -7048, 48.73, 139500, 3
major : 904247, -3544, -6779, 46.42, 224750, 1
major : 718659, -12726, -13104, 58.19, 224500, 1
major : 128249, -11143, 354, 66.99, 125500, 3
major : 448093, 1967, -21120, 61.05, 128250, 2
major : 298935, -2485, -28640, 51.7, 130000, 3
major : 355323, -14988, -32381, 50.6, 175250, 2
major : 225751, -3962, -21685, 66.99, 246500, 3
major : 635611, -18566, -12248, 54.45, 128250, 2
major : 592333, -26275, -39044, 52.47, 135000, 1
major : 174173, -36606, -48065, 48.62, 217750, 3
major : 764966, -18199, -45433, 69.52, 153000, 1
major : 624000, -26320, -56222, 48.29, 241000, 2
major : 469233, -16796, -57719, 52.25, 160000, 1
major : 702151, -27872, -68801, 66.22, 157250, 2
major : 639517, -27830, -78404, 61.38, 194000, 2
major : 966623, 17776, 5091, 75.9, 227250, 2
major : 261415, 21187, 18559, 70.51, 151000, 2
major : 810832, 14776, 23211, 58.19, 159000, 1
major : 918183, 25072, 31152, 74.03, 156000, 1
major : 847891, 5526, 29776, 52.91, 175500, 3
major : 844094, 6398, 41660, 71.17, 187000, 3
major : 136781, 12317, 54028, 69.3, 227000, 1
major : 240861, 2735, 51154, 52.36, 170750, 2
major : 762848, 9051, 64449, 77.0, 127500, 2
major : 581644, 25645, 49991, 61.93, 160500, 3
major : 680728, 31523, 60496, 61.38, 243750, 3
major : 744755, 36434, 57164, 62.92, 219250, 3
major : 797294, 40216, 69384, 49.5, 153000, 1
major : 235086, 35878, 81298, 72.38, 235750, 2
major : 684887, 44640, 90217, 76.67, 248250, 1
major : 729113, 35395, 89045, 57.97, 169000, 2
major : 843724, 47437, 97612, 75.46, 148250, 2
major : 224134, 51341, 106662, 62.37, 142000, 2
major : 950064, 44534, 106606, 49.83, 225500, 1
major : 921256, 60528, 106635, 75.24, 167250, 2
major : 835503, 66878, 111352, 56.21, 177000, 3
major : 939814, 56094, 112682, 58.96, 231500, 3
major : 721172, 72396, 116264, 66.0, 219500, 1
major : 779789, 77709, 119529, 55.0, 227000, 1
major : 349310, 57311, 120234, 73.37, 249000, 1
major : 116506, 70312, 128111, 63.14, 184750, 2
major : 238891, 35106, 115917, 53.9, 198750, 3
major : 891393, 44877, 118369, 73.48, 157000, 1
major : 816945, 39363, 120853, 50.6, 188750, 2
major : 648832, 36367, 98631, 47.85, 152500, 2
major : 777615, 31974, 94940, 51.81, 189500, 1
major : 382591, 49212, 92331, 58.96, 207000, 3
major : 851619, 27058, 86216, 49.39, 230750, 1
major : 880139, 16743, 65941, 57.42, 132500, 1
major : 665802, 34173, 21290, 72.6, 229000, 2
major : 215621, 41232, 18229, 51.7, 177250, 1
major : 352764, 53033, 11747, 46.64, 165750, 3
major : 158409, 60345, 16180, 52.8, 186000, 2
major : 190057, 60249, 9891, 46.53, 166000, 3
major : 653502, 71337, 6464, 53.24, 209250, 3
major : 661117, 65759, 3587, 64.57, 242250, 1
major : 556620, 80002, 7755, 44.11, 128000, 2
major : 787299, 93220, 5405, 50.93, 197750, 3
major : 450931, 103160, -2544, 49.5, 157250, 3
major : 650356, 105719, 6663, 48.4, 140750, 3
major : 621009, 107994, 19558, 59.84, 179500, 3
major : 859014, 96462, 19312, 64.9, 138500, 1
major : 409081, 102765, 22311, 48.84, 201750, 1
major : 900604, 99741, 31223, 77.0, 156000, 3
major : 429490, 106059, 36946, 45.98, 200250, 2
major : 652907, 90702, 28104, 51.92, 153750, 1
major : 783005, 79447, 17219, 70.62, 216000, 2
major : 931119, 67425, 24928, 48.4, 197250, 1
major : 982391, 76097, 22543, 52.58, 188750, 1
major : 741480, 67532, 36571, 71.5, 168750, 1
major : 216528, 56768, 45513, 44.22, 217750, 3
major : 407597, 59514, 37123, 52.8, 165750, 3
major : 954145, 63266, 56100, 63.91, 249750, 3
major : 488798, 63237, 48076, 52.36, 235000, 1
major : 759678, 55896, 56650, 73.04, 129500, 3
major : 452940, 47906, 77054, 55.66, 203250, 1
major : 698055, 57949, 76389, 44.66, 197000, 3
major : 270448, 56770, 67134, 46.64, 137750, 3
major : 597532, 68643, 71430, 60.5, 129750, 2
major : 600844, 66766, 63065, 46.31, 174000, 1
major : 183685, 73739, 71314, 72.05, 172500, 3
major : 541707, 79241, 60918, 66.44, 196750, 3
major : 933431, 79038, 52850, 55.33, 175250, 2
major : 510854, 87127, 62779, 47.52, 242000, 1
major : 531557, 91238, 58929, 45.43, 159750, 3
major : 738424, 70152, 50863, 65.45, 165250, 2
major : 766985, 79561, 47344, 66.88, 131250, 2
major : 275483, 69772, 58173, 60.17, 218500, 1
major : 389387, 84992, 39629, 49.28, 199250, 1
major : 120574, 81741, 34298, 50.82, 224500, 3
major : 685623, 85384, 49929, 72.38, 193500, 2
major : 621246, 91455, 48335, 55.99, 144750, 2
major : 891912, 106440, 45436, 68.53, 170250, 3
major : 347805, 104951, 54152, 63.69, 153750, 3
major : 941413, 102673, 60081, 54.01, 167750, 3
major : 234996, 92490, 38049, 68.64, 231750, 1
major : 372018, 116764, 45822, 61.71, 202250, 2
major : 669928, 116608, 33048, 69.3, 182250, 3
major : 467613, 120455, 36413, 63.25, 214500, 3
major : 318674, 110622, 48720, 69.3, 242500, 1
major : 833181, 120748, 55460, 72.27, 175750, 1
major : 261746, 113608, 66128, 63.58, 228500, 3
major : 553489, 107203, 65926, 56.65, 142500, 3
major : 707377, 122871, 75579, 44.11, 177250, 2
major : 996642, 133896, 71860, 74.36, 219250, 3
major : 454971, 123178, 89015, 62.15, 233000, 2
major : 101805, 128489, 99036, 61.27, 190500, 2
major : 117949, 126923, 93450, 52.03, 219000, 3
major : 929231, 115685, 95182, 46.09, 164000, 3
major : 984725, 108514, 97619, 58.52, 127500, 1
major : 939979, 107234, 106866, 68.53, 175500, 3
major : 871053, 104025, 102489, 45.43, 246500, 2
major : 946028, 99477, 96237, 65.01, 216000, 1
major : 853259, 97459, 108109, 44.88, 139000, 2
major : 890696, 88894, 117560, 49.72, 173750, 3
major : 415735, 90414, 124520, 53.13, 132500, 3
major : 141249, 93048, 113446, 69.74, 153750, 1
major : 738772, 82885, 112084, 45.54, 158500, 1
major : 521901, 66922, 106085, 45.54, 175750, 2
major : 331955, 67635, 82256, 54.45, 244500, 2
major : 988102, 76591, 81098, 68.97, 148000, 3
major : 244327, 74544, 95737, 56.65, 192750, 2
major : 338705, 78097, 91620, 56.54, 151750, 2
major : 698096, 87197, 96984, 45.65, 205500, 3
major : 363280, 112229, 86105, 62.7, 220750, 3
major : 292217, 99543, 90376, 68.53, 203500, 2
major : 681953, 26807, 26037, 51.59, 239000, 2
major : 760935, 60536, 3990, 61.93, 171000, 2
major : 640394, 52404, -20207, 62.37, 150250, 1
major : 227269, 61736, -12718, 74.58, 150250, 3
major : 505997, 57980, -24060, 49.5, 210000, 3
major : 765570, 65943, -29063, 48.07, 184250, 3
regional : 372091, 12213, 6890, 75.68, 127400, 2
regional : 222708, 16140, 2112, 83.05, 176200, 2
regional : 277518, 12744, 1253, 70.95, 181200, 1
regional : 547526, 25235, 9771, 104.06, 132400, 1
regional : 778319, 24232, 7090, 98.89, 105800, 1
regional : 415188, 29154, -2638, 101.31, 140400, 2
regional : 291579, 42178, -1892, 108.24, 124200, 2
regional : 659633, 43663, -1108, 70.4, 185800, 2
regional : 647305, 38117, 120, 81.62, 114800, 1
regional : 568358, 41278, 1245, 102.96, 184600, 2
regional : 284388, 40797, -10166, 89.87, 176800, 1
regional : 285528, 32673, -16489, 85.25, 162400, 1
regional : 554257, 35034, -17158, 85.91, 151600, 1
regional : 797819, 33260, -18838, 90.09, 160000, 2
regional : 472065, 31624, -17632, 96.47, 136400, 1
regional : 277772, 20812, -22902, 86.9, 198200, 2
regional : 363015, 24249, -28078, 95.7, 180000, 1
regional : 481430, 18443, -25715, 104.28, 145600, 2
regional : 270950, 22533, -29062, 66.11, 145800, 1
regional : 249058, 25104, -23919, 101.09, 112600, 1
regional : 282450, 10869, -30504, 85.36, 115200, 2
regional : 684098, 8542, -17682, 82.39, 110800, 2
regional : 399895, 8883, -16196, 73.15, 128800, 1
regional : 531944, 9015, -20079, 93.72, 183200, 2
regional : 426102, 9859, -17841, 69.63, 122200, 2
regional : 974424, 18404, -11873, 76.23, 110800, 1
regional : 930455, 6477, -7307, 89.98, 114800, 1
regional : 197686, 3859, -5956, 77.66, 174200, 1
regional : 579146, 6384, -8897, 85.8, 179600, 1
regional : 875022, -1165, -316, 83.93, 193800, 2
regional : 983968, -1781, 1869, 97.35, 154800, 2
regional : 970655, -2804, -1680, 83.93, 119400, 2
regional : 355216, -13411, -6378, 84.48, 130400, 2
regional : 715770, -4421, -18485, 80.85, 108200, 2
regional : 694401, -4059, -16557, 104.39, 180800, 2
regional : 994466, -8977, -29032, 88.11, 174200, 2
regional : 528834, -10015, -26348, 96.47, 162200, 2
regional : 714929, -8800, -26197, 98.23, 125800, 2
regional : 888648, -6518, -26061, 97.68, 199800, 1
regional : 940512, -18777, -24674, 83.16, 113200, 2
regional : 447426, -15391, -25006, 89.54, 189200, 1
regional : 906679, -24554, -15695, 103.84, 116200, 2
regional : 625794, -38981, -13794, 93.94, 138000, 1
regional : 998542, -45446, -20937, 96.36, 189400, 1
regional : 215829, -46281, -18803, 99.22, 119400, 1
regional : 785498, -43525, -20487, 87.78, 185000, 1
regional : 882762, -44167, -32731, 76.78, 118000, 1
regional : 819088, -46989, -35650, 67.21, 128000, 2
regional : 803819, -47938, -30768, 78.43, 108600, 1
regional : 928862, -31272, -40002, 86.46, 117000, 1
regional : 371539, -34816, -39204, 106.37, 116800, 1
regional : 284039, -33208, -37891, 69.74, 152600, 2
regional : 986176, -32690, -39787, 73.37, 141800, 1
regional : 505607, -31888, -41862, 86.24, 153200, 1
regional : 939087, -28088, -47840, 102.41, 118400, 2
regional : 502759, -25852, -48077, 94.49, 183200, 1
regional : 327668, -27157, -48570, 78.32, 119600, 1
regional : 215742, -23583, -47754, 93.28, 190800, 1
regional : 541960, -27045, -50054, 75.24, 183800, 2
regional : 126118, -26550, -57142, 81.62, 144400, 2
regional : 825589, -24954, -59628, 97.02, 103200, 2
regional : 601542, -28694, -59536, 93.61, 169200, 2
regional : 354436, -38006, -63369, 70.62, 134200, 2
regional : 649999, -39378, -63330, 67.1, 145200, 1
regional : 548856, -39769, -66107, 97.68, 165000, 1
regional : 857389, -34565, -74353, 81.29, 109600, 1
regional : 544402, -37389, -73950, 109.23, 167200, 2
regional : 902626, -32684, -74342, 88.77, 141000, 1
regional : 206485, -37616, -77206, 89.87, 175400, 2
regional : 536944, -32044, -73223, 101.64, 171800, 2
regional : 940588, -49561, -73655, 97.79, 110000, 2
regional : 616315, -47790, -71775, 101.09, 148200, 1
regional : 666093, -49960, -72377, 69.85, 133600, 1
regional : 875571, -49997, -76024, 66.99, 199400, 2
regional : 654607, -53229, -84549, 79.31, 154400, 2
regional : 202652, -59155, -78795, 104.5, 140200, 2
regional : 291272, -56259, -82015, 87.78, 154400, 1
regional : 364325, -69269, -76439, 108.46, 152000, 1
regional : 680504, -67461, -74733, 74.91, 143600, 1
regional : 990206, -69543, -74077, 100.76, 109400, 1
regional : 585986, -84228, -78924, 85.47, 104200, 1
regional : 203739, -80341, -75064, 88.55, 115800, 2
regional : 559640, -81705, -74960, 100.76, 192600, 1
regional : 158690, -80572, -76948, 90.97, 182000, 1
regional : 794413, -93713, -76749, 89.87, 109800, 1
regional : 167297, -93574, -75488, 76.89, 138000, 2
regional : 967741, -93987, -72780, 89.1, 131600, 2
regional : 698015, -95842, -88805, 108.02, 104000, 1
regional : 656680, -80631, -89539, 78.54, 157200, 2
regional : 291481, -78991, -93206, 97.13, 121200, 1
regional : 669798, -80610, -91430, 79.53, 172000, 2
regional : 996181, -85509, -93171, 76.01, 108400, 1
regional : 780868, -91502, -94135, 82.83, 119200, 2
regional : 551204, -90544, -98185, 108.46, 149000, 2
regional : 229662, -102527, -103319, 93.28, 185400, 1
regional : 810056, -99482, -102176, 82.61, 167600, 1
regional : 577378, -98791, -104670, 103.84, 194200, 2
regional : 902274, -97827, -104979, 79.42, 128800, 2
regional : 620872, -106881, -112526, 78.21, 169800, 2
regional : 167058, -105608, -110039, 73.04, 171800, 2
regional : 410897, -101292, -121376, 66.22, 168200, 1
regional : 338859, -103181, -122870, 70.73, 164000, 2
regional : 749133, -99850, -125882, 69.96, 113400, 2
regional : 630971, -101185, -123425, 102.52, 113600, 1
regional : 294547, -88664, -118846, 96.47, 133400, 2
regional : 797954, -79181, -113226, 71.94, 133400, 2
regional : 310959, -69231, -116993, 101.31, 196800, 1
regional : 681567, -72631, -126667, 71.5, 150400, 1
regional : 574811, -78973, -136741, 96.14, 136800, 2
regional : 334468, -74967, -135327, 81.62, 118800, 1
regional : 211304, -89514, -132980, 75.79, 137600, 2
regional : 277475, -87177, -146117, 99.0, 173600, 2
regional : 766992, -82454, -143596, 97.46, 197800, 2
regional : 472111, -94397, -152551, 66.44, 123600, 1
regional : 637274, -93698, -155691, 95.92, 104600, 2
regional : 500033, -93839, -154608, 96.8, 144000, 2
regional : 464018, -106065, -150911, 76.12, 174600, 1
regional : 931381, -104399, -151200, 70.62, 155600, 2
regional : 631651, -101159, -137270, 87.34, 144200, 2
regional : 431868, -100451, -138000, 74.69, 120000, 2
regional : 462321, -113259, -139738, 88.22, 114400, 1
regional : 134241, -112946, -138326, 93.72, 101200, 1
regional : 188258, -114383, -126492, 94.38, 128000, 2
regional : 496257, -116184, -125891, 83.27, 123600, 1
regional : 171891, -119216, -128312, 89.65, 147400, 2
regional : 284151, -127961, -126262, 87.12, 138800, 2
regional : 304016, -130808, -125586, 93.06, 132800, 2
regional : 873098, -139276, -116756, 94.6, 102200, 2
regional : 334985, -137007, -116749, 71.94, 106400, 2
regional : 139163, -137694, -115285, 94.27, 118800, 2
regional : 787134, -133050, -109029, 107.36, 101400, 2
regional : 392268, -131125, -106012, 99.88, 171200, 2
regional : 376357, -135667, -106147, 72.82, 182200, 2
regional : 506392, -134366, -106233, 93.72, 164200, 1
regional : 949295, -131733, -104811, 93.39, 165600, 2
regional : 156721, -147482, -106539, 105.38, 163400, 1
regional : 505178, -141955, -106777, 85.69, 151800, 2
regional : 233880, -142123, -108411, 94.05, 135200, 1
regional : 826383, -145123, -105626, 95.92, 132400, 1
regional : 146199, -144645, -108705, 68.42, 104400, 2
regional : 380825, -154815, -110603, 82.06, 112600, 1
regional : 679010, -153839, -112170, 73.59, 101200, 1
regional : 515183, -152443, -110182, 91.63, 171400, 2
regional : 808845, -157140, -110696, 68.86, 104200, 2
regional : 202053, -156664, -108157, 102.3, 167800, 2
regional : 647941, -165419, -108828, 93.83, 118400, 1
regional : 251472, -166734, -111461, 99.99, 179000, 1
regional : 859693, -168290, -110469, 66.33, 173800, 2
regional : 461695, -180493, -116024, 76.89, 191400, 1
regional : 588712, -179080, -117620, 93.61, 142800, 1
regional : 843024, -179035, -106835, 96.91, 103600, 2
regional : 525902, -180855, -108454, 100.32, 108800, 2
regional : 674281, -180437, -106987, 94.49, 156400, 2
regional : 877346, -178580, -103610, 109.01, 142200, 2
regional : 114158, -173439, -98653, 70.29, 125600, 2
regional : 993841, -184328, -87742, 78.43, 105000, 1
regional : 430995, -177366, -79606, 89.87, 107600, 2
regional : 203564, -176563, -77155, 97.68, 154400, 2
regional : 997169, -179601, -81322, 76.12, 176200, 1
regional : 847328, -183390, -71184, 66.55, 196800, 2
regional : 514162, -199015, -76464, 73.92, 105600, 1
regional : 588878, -194250, -73732, 108.57, 113400, 1
regional : 766116, -203832, -66914, 78.65, 177200, 1
regional : 981683, -205485, -67335, 95.04, 149800, 1
regional : 698135, -204976, -68963, 97.13, 186600, 1
regional : 580981, -201681, -63492, 91.52, 198400, 1
regional : 892177, -197913, -56608, 100.98, 179400, 1
regional : 961588, -198922, -54189, 101.31, 133000, 1
regional : 465721, -198371, -55124, 86.35, 112200, 1
regional : 345027, -203431, -53663, 92.4, 137800, 1
regional : 466756, -188545, -51462, 75.68, 173400, 1
regional : 889328, -189180, -54119, 79.86, 111800, 2
regional : 548064, -187379, -52014, 103.73, 195400, 1
regional : 374961, -176102, -57241, 100.1, 178400, 2
regional : 258469, -174268, -54885, 80.63, 138800, 1
regional : 613616, -177985, -57596, 83.6, 190000, 2
regional : 743955, -175500, -58203, 76.67, 176400, 1
regional : 820324, -179461, -69697, 107.69, 122800, 1
regional : 483807, -175462, -67211, 78.76, 192800, 2
regional : 550405, -174012, -65492, 102.3, 174200, 1
regional : 893893, -180142, -65602, 76.23, 164800, 2
regional : 180544, -163622, -66809, 73.15, 119600, 2
regional : 107757, -165937, -67418, 69.85, 180000, 1
regional : 670371, -166844, -65705, 94.49, 173600, 1
regional : 571433, -165297, -64041, 77.66, 103800, 2
regional : 491820, -151374, -61938, 103.4, 112800, 1
regional : 734940, -150651, -63884, 85.8, 194800, 2
regional : 787531, -153704, -64090, 83.38, 108400, 2
regional : 954728, -157734, -52425, 73.59, 199800, 1
regional : 281340, -147049, -58123, 87.67, 189600, 2
regional : 963075, -139043, -60054, 70.51, 195200, 2
regional : 938876, -139512, -59000, 72.38, 124000, 2
regional : 760644, -140726, -61831, 79.2, 105400, 1
regional : 294516, -136535, -71605, 66.0, 161000, 1
regional : 150107, -133571, -73520, 70.07, 115600, 2
regional : 651772, -136384, -81829, 73.7, 114400, 1
regional : 380166, -139138, -84413, 73.59, 156000, 2
regional : 162549, -138973, -82236, 104.83, 157600, 1
regional : 727555, -140118, -79980, 107.47, 153200, 1
regional : 531437, -148224, -77243, 99.44, 123800, 1
regional : 223221, -150517, -82960, 93.83, 189400, 2
regional : 849167, -151809, -78411, 82.39, 189000, 2
regional : 990190, -156897, -91571, 68.64, 194800, 2
regional : 702845, -159863, -89550, 90.09, 131200, 1
regional : 482609, -155834, -92226, 86.46, 119200, 1
regional : 889828, -153717, -91121, 95.59, 159400, 1
regional : 753634, -163616, -81760, 101.53, 126600, 1
regional : 817746, 16274, 14485, 68.53, 104400, 2
regional : 278190, 13966, 15597, 107.36, 100200, 1
regional : 621635, 12462, 12330, 101.31, 177000, 2
regional : 670840, 14870, 10597, 103.73, 104200, 1
regional : 819061, 20151, 27549, 76.56, 127400, 1
regional : 581038, 18405, 26370, 86.35, 188600, 1
regional : 529030, 21645, 27576, 96.58, 151800, 1
regional : 391737, 24506, 26375, 92.62, 143000, 2
regional : 956650, 19452, 25456, 82.39, 168400, 2
regional : 985255, 23127, 35385, 74.58, 117800, 1
regional : 847174, 23642, 40729, 91.85, 165600, 2
regional : 619865, 20490, 36124, 86.79, 120800, 2
regional : 876879, 21774, 36585, 66.55, 122800, 1
regional : 448682, 9372, 40422, 74.58, 143200, 2
regional : 172367, 6041, 38628, 106.15, 158600, 1
regional : 334790, 9294, 47714, 107.58, 167200, 1
regional : 328879, 11010, 48070, 68.97, 196000, 1
regional : 580107, 12084, 50651, 67.76, 137600, 1
regional : 303964, 9931, 49214, 82.72, 158200, 2
regional : 591465, 8049, 50225, 101.2, 152200, 2
regional : 974447, 16092, 56323, 88.99, 132600, 1
regional : 626076, 18942, 52707, 83.6, 150400, 1
regional : 364834, 17350, 50108, 75.57, 192800, 2
regional : 335003, 19747, 51718, 72.27, 118400, 2
regional : 771729, 20984, 50254, 68.2, 106600, 1
regional : 592668, 32418, 54558, 93.83, 105800, 2
regional : 766261, 29159, 51707, 70.84, 191200, 2
regional : 482348, 30319, 54874, 94.05, 155600, 1
regional : 834033, 32430, 53381, 88.11, 119800, 1
regional : 690041, 36329, 41021, 80.41, 182600, 2
regional : 852161, 36415, 43233, 73.7, 173000, 2
regional : 802305, 33217, 40222, 92.4, 149800, 2
regional : 637234, 46177, 36104, 93.28, 122400, 2
regional : 246410, 46433, 37644, 77.44, 189200, 2
regional : 670746, 48403, 40337, 109.67, 105800, 2
regional : 643328, 46473, 39498, 99.0, 156000, 2
regional : 935943, 45511, 41241, 82.5, 152000, 1
regional : 468613, 44076, 52381, 73.04, 185400, 1
regional : 368363, 45343, 52464, 101.31, 185000, 2
regional : 327200, 45752, 53494, 83.71, 179000, 1
regional : 378235, 37533, 61897, 69.3, 179200, 2
regional : 175815, 38534, 63727, 99.66, 183000, 2
regional : 915108, 41968, 60462, 88.99, 103200, 2
regional : 691208, 42228, 62868, 84.15, 129000, 2
regional : 259739, 39400, 74958, 87.56, 199400, 2
regional : 687811, 34360, 75047, 94.49, 153200, 2
regional : 111811, 37048, 83103, 106.04, 121200, 1
regional : 802102, 52984, 82734, 79.75, 114000, 2
regional : 333632, 52217, 81600, 108.35, 185000, 2
regional : 565267, 54196, 83713, 85.25, 171600, 2
regional : 654540, 54988, 80624, 95.15, 174600, 2
regional : 375761, 62108, 76110, 89.65, 169000, 2
regional : 211051, 63306, 78475, 90.64, 146800, 1
regional : 296883, 62343, 87186, 107.36, 191200, 2
regional : 192532, 61128, 88042, 68.53, 106200, 1
regional : 688813, 59455, 85680, 69.52, 165400, 2
regional : 793019, 63659, 85555, 98.56, 171600, 1
regional : 453265, 51551, 97073, 100.87, 186400, 2
regional : 627778, 51724, 110663, 91.52, 140200, 1
regional : 129852, 49413, 112846, 92.07, 137000, 2
regional : 404940, 50288, 110677, 101.86, 103800, 1
regional : 248155, 64449, 114824, 102.41, 152200, 2
regional : 507388, 59658, 114515, 107.03, 109200, 1
regional : 458583, 62500, 114509, 98.89, 197400, 1
regional : 387986, 70596, 119612, 93.17, 102200, 1
regional : 480484, 65192, 128362, 77.44, 134000, 2
regional : 384111, 60994, 129172, 79.31, 148600, 2
regional : 629272, 63289, 128551, 106.26, 131400, 1
regional : 765789, 61600, 126984, 84.7, 143600, 2
regional : 868505, 62125, 130820, 68.2, 194200, 1
regional : 585997, 55749, 138553, 107.25, 113400, 2
regional : 549548, 51491, 136876, 68.09, 110000, 2
regional : 523945, 50904, 138196, 105.49, 149200, 1
regional : 618840, 40924, 137999, 98.01, 127800, 2
regional : 284432, 43619, 140325, 75.13, 181600, 2
regional : 481462, 31465, 134346, 109.56, 157600, 2
regional : 559285, 34320, 134937, 103.84, 134600, 1
regional : 927101, 31022, 136368, 84.04, 130600, 2
regional : 390084, 25918, 145651, 87.34, 104000, 1
regional : 590090, 23423, 145385, 87.12, 115800, 1
regional : 368006, 22546, 147531, 79.2, 102000, 2
regional : 773903, 21530, 156789, 72.93, 144400, 1
regional : 935685, 18299, 157363, 109.12, 104800, 1
regional : 273029, 20124, 157028, 95.92, 118000, 2
regional : 740725, 17373, 145015, 101.64, 145200, 1
regional : 241960, 3728, 153113, 73.48, 158000, 1
regional : 943717, 6880, 150797, 82.94, 153600, 1
regional : 381231, 9921, 150331, 75.79, 127600, 2
regional : 841932, 6406, 151907, 89.21, 155400, 2
regional : 898075, 9053, 152907, 109.89, 174800, 1
regional : 688857, -1521, 145440, 70.4, 156800, 1
regional : 865849, -4500, 145888, 78.87, 177800, 2
regional : 442772, 2547, 133859, 106.7, 191600, 2
regional : 872794, 3610, 135111, 89.65, 118000, 2
regional : 865930, 1481, 131894, 108.9, 183200, 2
regional : 984359, 1268, 134058, 90.75, 198800, 1
regional : 282470, 438, 132242, 92.62, 188800, 2
regional : 864940, 4593, 120282, 100.87, 101200, 2
regional : 388135, 2652, 118934, 100.65, 147200, 1
regional : 169330, 282, 109524, 98.23, 133400, 2
regional : 604405, -2914, 112167, 108.24, 184800, 1
regional : 372774, -11930, 101114, 99.66, 152600, 1
regional : 587252, -10402, 101776, 98.56, 100000, 2
regional : 437854, -13719, 98727, 88.66, 176800, 1
regional : 351425, -3612, 92819, 101.97, 140200, 1
regional : 346318, -1347, 91062, 87.67, 198800, 1
regional : 278736, -1694, 93913, 100.76, 161600, 2
regional : 583761, -5393, 95285, 72.49, 108000, 1
regional : 413509, 6385, 95435, 97.13, 176000, 2
regional : 302551, 7302, 97129, 102.96, 153600, 1
regional : 824200, 7485, 94308, 75.68, 104400, 1
regional : 214385, 13981, 109196, 92.84, 107400, 2
regional : 900874, 11657, 105432, 74.69, 129400, 1
regional : 491098, 25219, 106100, 100.87, 106000, 1
regional : 209062, 25946, 104615, 94.49, 135200, 2
regional : 873739, 23519, 103298, 91.08, 122400, 2
regional : 607339, 18896, 114073, 95.81, 156400, 1
regional : 127815, 18223, 116190, 69.41, 172400, 2
regional : 998035, 28433, 120048, 88.77, 112000, 2
regional : 778012, 26570, 120211, 76.78, 145200, 1
regional : 166508, 24611, 120676, 67.21, 103000, 2
regional : 203550, 33566, 116670, 91.74, 173000, 1
regional : 191660, 36734, 112525, 105.49, 110800, 2
regional : 133391, 32976, 117903, 66.66, 160800, 2
regional : 232602, 34440, 118500, 71.28, 108600, 2
regional : 488420, 37126, 115485, 76.67, 127000, 1
regional : 767668, 40344, 106806, 75.9, 114200, 2
regional : 188622, 38880, 102384, 101.53, 189400, 1
regional : 298366, 38713, 108978, 69.74, 124000, 2
regional : 199793, 39077, 105209, 85.58, 132400, 2
regional : 291146, 38940, 98648, 81.73, 160200, 1
regional : 703845, 42514, 91754, 68.97, 146000, 2
regional : 973045, 41115, 94294, 101.86, 153400, 1
regional : 418169, 34088, 90615, 67.87, 153200, 1
regional : 981961, 31695, 92172, 81.29, 174800, 2
regional : 249935, 30539, 91989, 99.99, 199800, 1
regional : 793261, 31710, 90520, 104.06, 167600, 1
regional : 299815, 21564, 81598, 76.89, 155000, 2
regional : 235921, 23004, 86094, 89.1, 156600, 1
regional : 165113, 19904, 80302, 101.64, 159800, 2
regional : 547267, 23868, 83760, 69.3, 166800, 1
regional : 991775, 17210, 71009, 109.89, 121400, 2
regional : 989623, 19186, 73304, 107.25, 140600, 1
regional : 881141, 25413, 60530, 104.83, 126600, 1
regional : 507114, 26443, 63959, 108.24, 160400, 1
regional : 315944, 22911, 63135, 100.43, 195000, 2
regional : 585762, 37291, 13446, 92.4, 150600, 2
regional : 556038, 36369, 12437, 99.77, 158000, 1
regional : 504367, 36696, 23357, 100.1, 128200, 1
regional : 992585, 34488, 26280, 72.82, 119000, 2
regional : 508001, 45546, 21673, 69.74, 126600, 1
regional : 150932, 45660, 20142, 66.44, 120400, 2
regional : 512314, 43230, 21791, 86.57, 136200, 1
regional : 566909, 54625, 18259, 74.91, 137000, 2
regional : 124755, 53980, 21687, 72.6, 158000, 2
regional : 807462, 55061, 23077, 94.49, 129800, 2
regional : 863807, 55300, 20742, 76.67, 186200, 1
regional : 356971, 56536, 19479, 76.89, 137800, 1
regional : 416310, 68887, 14096, 71.5, 116200, 1
regional : 343024, 65881, 10055, 85.03, 135600, 2
regional : 446387, 68727, 12257, 78.65, 162800, 2
regional : 621501, 72687, 4675, 90.42, 195200, 1
regional : 486324, 69530, 5188, 67.54, 125600, 1
regional : 918078, 75384, 2806, 92.84, 131400, 2
regional : 830129, 72261, 1744, 79.31, 151800, 2
regional : 438779, 80150, -5425, 79.97, 112800, 1
regional : 590802, 78123, -5615, 81.84, 169400, 1
regional : 305981, 86725, 11274, 104.39, 175800, 1
regional : 785020, 86266, 7135, 80.52, 166600, 1
regional : 361481, 89158, 9052, 108.57, 141600, 2
regional : 460416, 85382, 8109, 69.63, 131200, 1
regional : 777667, 95603, 3556, 103.4, 193600, 2
regional : 486098, 100836, 4307, 80.41, 107600, 1
regional : 679104, 97025, 2244, 99.55, 183400, 2
regional : 820739, 97469, 6319, 68.75, 139600, 1
regional : 382012, 97766, 461, 86.13, 101200, 1
regional : 574185, 99891, 14909, 85.58, 179600, 2
regional : 369215, 100988, 15949, 98.45, 149800, 2
regional : 749375, 97885, 15769, 80.74, 130400, 1
regional : 305816, 100474, 19271, 72.93, 195800, 1
regional : 680820, 106951, 28638, 101.2, 189800, 2
regional : 528950, 103599, 28882, 91.41, 185200, 1
regional : 719522, 106839, 26611, 74.03, 149000, 2
regional : 803352, 102431, 29382, 85.91, 174400, 2
regional : 685211, 95236, 22407, 95.81, 197600, 1
regional : 110725, 95918, 24836, 74.8, 170000, 1
regional : 634018, 94731, 24042, 77.66, 136600, 1
regional : 586680, 93060, 21780, 71.39, 127000, 2
regional : 372943, 83817, 25256, 97.13, 196200, 1
regional : 170919, 82558, 26192, 83.93, 131600, 2
regional : 430833, 70521, 28990, 74.36, 171600, 2
regional : 161093, 72102, 30196, 82.94, 187400, 1
regional : 420560, 72593, 31669, 108.02, 152000, 2
regional : 917110, 73715, 32965, 94.82, 147200, 2
regional : 257568, 61168, 38416, 87.12, 164400, 2
regional : 715755, 65298, 39181, 72.27, 130600, 2
regional : 820369, 61809, 41067, 71.72, 143200, 2
regional : 151228, 63686, 40486, 92.29, 157400, 1
regional : 835730, 61723, 42122, 103.73, 142000, 1
regional : 444206, 59697, 51740, 106.7, 102000, 1
regional : 736162, 56886, 50550, 80.85, 175600, 2
regional : 852177, 57891, 54856, 69.41, 194800, 1
regional : 335694, 56166, 53710, 104.61, 144600, 2
regional : 360230, 56089, 49031, 78.98, 136400, 2
regional : 312918, 52466, 62130, 104.83, 116400, 1
regional : 609227, 50080, 62100, 108.68, 157400, 1
regional : 268222, 52485, 65317, 96.91, 123400, 1
regional : 156164, 48184, 71676, 69.74, 118800, 2
regional : 323583, 51461, 70377, 96.14, 177000, 1
regional : 835858, 46342, 71895, 100.76, 170200, 1
regional : 248378, 61862, 66227, 102.63, 151800, 2
regional : 752033, 75889, 64636, 96.8, 113000, 1
regional : 394932, 85196, 59915, 77.99, 109400, 1
regional : 875295, 84966, 58529, 96.03, 194000, 2
regional : 494456, 85128, 57163, 89.54, 177600, 1
regional : 196599, 74907, 51548, 95.26, 108600, 2
regional : 376007, 72680, 51194, 85.91, 120000, 1
regional : 629719, 76693, 51950, 100.65, 109800, 1
regional : 314958, 75673, 42964, 109.67, 100200, 2
regional : 209549, 86233, 47074, 83.93, 138600, 2
regional : 718756, 87643, 43900, 76.45, 168800, 1
regional : 915980, 98995, 51718, 97.35, 112200, 2
regional : 732064, 94988, 50946, 88.99, 144000, 2
regional : 576628, 101838, 35330, 106.15, 196800, 2
regional : 528229, 99715, 37158, 98.23, 142800, 1
regional : 118530, 98723, 38354, 88.77, 130000, 1
regional : 160205, 99421, 40110, 94.93, 140600, 2
regional : 696810, 100874, 41092, 99.77, 155000, 2
regional : 430844, 109474, 38194, 103.07, 139600, 2
regional : 841537, 120847, 52715, 75.46, 113200, 1
regional : 983150, 119292, 48859, 79.86, 131800, 2
regional : 391384, 122354, 63949, 87.23, 191800, 2
regional : 525362, 124415, 64109, 84.04, 184800, 2
regional : 367346, 113137, 73748, 106.48, 151200, 2
regional : 864538, 109390, 73029, 98.67, 138800, 2
regional : 256254, 118108, 83390, 92.73, 198600, 1
regional : 263532, 129054, 74873, 109.56, 185800, 2
regional : 144234, 130047, 77908, 77.88, 152200, 2
regional : 935188, 132265, 77343, 108.35, 124000, 1
regional : 817039, 128031, 76656, 79.97, 134000, 1
regional : 974009, 129655, 91736, 82.28, 126200, 2
regional : 328671, 132682, 87432, 70.29, 157200, 2
regional : 331691, 130520, 86069, 85.8, 100200, 1
regional : 497192, 130106, 84616, 108.02, 111000, 1
regional : 751623, 118790, 95419, 70.29, 108000, 2
regional : 487220, 122428, 96234, 95.48, 140400, 2
regional : 632983, 111081, 101995, 103.62, 103800, 1
regional : 931827, 110490, 105421, 76.12, 191000, 2
regional : 778505, 114944, 102196, 105.49, 195800, 2
regional : 362185, 99206, 102491, 80.41, 195600, 2
regional : 498820, 90130, 110101, 87.89, 185400, 2
regional : 538597, 87240, 108300, 89.76, 188200, 2
regional : 876245, 91784, 120679, 94.16, 150600, 1
regional : 595844, 93918, 121187, 102.85, 109800, 1
regional : 786215, 82848, 116985, 81.18, 117000, 1
regional : 712742, 84085, 118581, 85.8, 179200, 1
regional : 118363, 82151, 118458, 88.44, 100200, 2
regional : 150159, 80243, 118127, 77.77, 112400, 1
regional : 524778, 73071, 107923, 97.13, 163600, 2
regional : 532982, 64182, 100053, 71.83, 188400, 2
regional : 347911, 62002, 99895, 71.17, 138600, 1
regional : 665940, 68024, 101473, 87.78, 121000, 1
regional : 444517, 66064, 97419, 105.82, 194200, 1
regional : 459707, 75490, 90927, 108.02, 165000, 2
regional : 890891, 70048, 89069, 102.41, 137600, 2
regional : 818090, 84384, 95207, 79.97, 111600, 2
regional : 416614, 81528, 97991, 69.08, 121400, 1
regional : 398144, 77607, 95888, 78.98, 113400, 1
regional : 266468, 82334, 96098, 89.65, 191800, 2
regional : 342796, 89657, 87475, 73.59, 172200, 2
regional : 785071, 93942, 86973, 88.77, 161000, 2
regional : 160443, 92294, 86365, 83.05, 174200, 2
regional : 163310, 92143, 89907, 73.26, 149000, 1
regional : 413839, 88568, 88466, 89.1, 151600, 1
regional : 835523, 104496, 80776, 74.8, 145000, 2
regional : 743652, 101891, 78977, 100.21, 150400, 1
regional : 760243, 103188, 81379, 85.36, 180200, 1
regional : 967404, 104039, 83113, 85.14, 118200, 1
regional : 879558, 99331, 84930, 94.27, 123800, 1
regional : 612765, 108473, 91292, 77.22, 157800, 1
regional : 203428, 28456, 18468, 89.32, 101200, 2
regional : 565940, 49003, 4159, 93.06, 121800, 2
regional : 991568, 56406, -1863, 88.88, 190600, 1
regional : 943519, 56471, -16374, 74.36, 148200, 1
regional : 166630, 54718, -15409, 86.02, 157000, 2
regional : 586714, 68789, -8178, 79.42, 102000, 1
regional : 924614, 68046, -9815, 76.56, 141400, 1
regional : 830882, 67010, -10108, 106.59, 147600, 1
regional : 350388, 65220, -11909, 99.44, 141800, 2
regional : 203931, 80299, -12604, 79.64, 119400, 1
regional : 698653, 76874, -15802, 85.47, 195200, 2
regional : 280679, 74352, -16249, 92.95, 118400, 1
regional : 386436, 68368, -23630, 94.93, 113400, 2
regional : 898678, 69412, -25259, 74.25, 122000, 1
regional : 803007, 69470, -32854, 72.93, 169200, 1
regional : 490992, 70145, -34935, 77.0, 113200, 2
regional : 439164, 67981, -33475, 79.97, 122200, 1
regional : 264681, 67170, -36277, 97.02, 139200, 1
regional : 858924, 66353, -45270, 94.93, 173200, 1
regional : 206433, 70038, -48008, 80.74, 145800, 2
regional : 263015, 67895, -48959, 70.73, 136600, 1
regional : 148718, 68216, -51039, 89.65, 145000, 2
regional : 567777, 74195, -56537, 75.57, 157400, 1
regional : 434824, 76130, -54562, 67.65, 152800, 1
regional : 895294, 84930, -56110, 69.08, 121200, 1
regional : 101089, 89088, -61347, 75.79, 178800, 2
regional : 646665, 87310, -59952, 75.02, 143600, 2
regional : 822725, 93986, -64549, 72.71, 115600, 2
regional : 182588, 95713, -68955, 80.52, 130400, 1
regional : 283794, 94670, -68437, 72.71, 183400, 1
regional : 559741, 92630, -67226, 108.68, 180000, 1
regional : 275168, 90297, -77889, 90.97, 124600, 2
regional : 178461, 92128, -80745, 89.1, 193000, 1
regional : 656522, 86094, -80550, 96.14, 141400, 1
regional : 266907, 78777, -84136, 93.39, 109600, 1
regional : 968346, 79620, -78600, 67.32, 170600, 2
regional : 486585, 69646, -87762, 90.31, 101800, 1
regional : 550356, 69956, -90090, 85.47, 160200, 2
regional : 416075, 70899, -93002, 95.81, 186400, 2
regional : 323628, 73102, -90628, 95.48, 197800, 2
regional : 855535, 77405, -98323, 92.51, 130400, 2
regional : 257861, 79055, -98355, 68.31, 108600, 1
regional : 134882, 78817, -102843, 91.74, 193200, 2
regional : 462155, 77626, -101460, 67.21, 105800, 2
regional : 732104, 87993, -94077, 92.95, 167000, 2
regional : 859674, 89954, -96561, 82.28, 143000, 2
regional : 397441, 89457, -98596, 109.23, 150400, 1
regional : 788151, 91147, -106445, 89.54, 154600, 2
regional : 483897, 91202, -109607, 78.43, 192600, 1
regional : 792709, 103635, -103528, 73.59, 166800, 1
regional : 471597, 105015, -108662, 73.15, 119600, 1
regional : 625316, 101563, -119720, 76.12, 142000, 1
regional : 880286, 104571, -116416, 86.57, 143600, 1
regional : 932676, 103999, -113907, 76.78, 170600, 1
regional : 524446, 106545, -119463, 74.58, 164000, 2
regional : 108360, 118155, -116939, 84.37, 108600, 1
regional : 127653, 114340, -129457, 73.7, 193800, 1
regional : 512651, 114498, -126831, 70.84, 136800, 2
regional : 405372, 114909, -125610, 108.35, 121200, 1
regional : 261470, 117879, -126814, 101.31, 135400, 1
regional : 957571, 128303, -124344, 93.5, 168200, 2
regional : 379085, 126794, -124495, 68.2, 127000, 2
regional : 741848, 124200, -123908, 71.72, 126800, 1
regional : 553780, 132328, -111656, 77.0, 104000, 2
regional : 805803, 131229, -113404, 100.65, 136800, 1
regional : 562927, 136395, -109873, 90.42, 102000, 2
regional : 207893, 137408, -111397, 86.57, 137000, 1
regional : 297638, 134590, -111413, 71.61, 135200, 2
regional : 722812, 132574, -95144, 101.97, 191200, 2
regional : 743851, 129554, -96751, 100.65, 125400, 2
regional : 281965, 131728, -98098, 94.38, 150600, 1
regional : 569956, 122487, -94811, 70.29, 184200, 1
regional : 590902, 124809, -95316, 83.93, 106200, 1
regional : 755477, 126538, -82295, 71.72, 193800, 2
regional : 667079, 122983, -81232, 103.95, 138800, 2
regional : 683026, 128121, -81149, 88.11, 196800, 2
regional : 650944, 125856, -67474, 108.46, 156200, 1
regional : 146987, 128614, -70950, 67.76, 200000, 1
regional : 235211, 111243, -71985, 88.33, 127600, 1
regional : 873808, 113260, -71503, 77.11, 160200, 1
regional : 947146, 112816, -60461, 100.76, 197800, 2
regional : 280248, 108452, -58696, 82.28, 136200, 1
regional : 411200, 125047, -63542, 76.89, 134200, 2
regional : 555838, 123362, -59299, 76.89, 191400, 1
regional : 405516, 122768, -61297, 103.51, 118400, 1
regional : 416858, 139213, -62301, 98.45, 154400, 1
regional : 699991, 137168, -64569, 76.67, 117400, 2
regional : 892668, 145884, -72231, 93.06, 150800, 2
regional : 269924, 145067, -70926, 107.8, 183800, 2
regional : 368688, 147735, -73718, 82.72, 158800, 1
regional : 725375, 145187, -68670, 87.45, 157800, 2
regional : 868326, 155706, -64006, 82.61, 193600, 1
regional : 918929, 153974, -66013, 99.55, 193400, 1
regional : 199362, 153566, -65026, 79.75, 113400, 1
regional : 549093, 154279, -63258, 74.25, 137800, 1
regional : 241237, 162283, -70810, 84.37, 101600, 2
regional : 916621, 172464, -80948, 68.2, 167600, 1
regional : 397985, 170854, -76351, 78.54, 175000, 1
regional : 712251, 172309, -75990, 94.49, 195400, 2
regional : 584158, 174046, -76346, 70.84, 186200, 2
regional : 207667, 180092, -65540, 84.15, 101000, 2
regional : 435764, 175738, -67261, 100.76, 174000, 2
regional : 617218, 176738, -62488, 96.8, 168000, 1
regional : 399833, 175259, -65543, 97.02, 124200, 1
regional : 487865, 191769, -68935, 83.16, 102200, 2
regional : 706258, 187690, -72787, 66.11, 125200, 1
regional : 727127, 194998, -71591, 78.54, 127200, 1
regional : 359083, 190227, -74469, 68.31, 112400, 2
regional : 175954, 192006, -75897, 80.52, 145800, 1
regional : 813977, 198693, -63580, 81.73, 184800, 1
regional : 867071, 196397, -62623, 95.81, 119800, 2
regional : 383573, 206306, -59767, 74.36, 104600, 2
regional : 290182, 207234, -62094, 95.81, 122600, 2
regional : 836885, 206211, -58506, 104.28, 169600, 1
regional : 687342, 209171, -60972, 70.84, 103400, 1
regional : 351597, 210349, -72338, 99.22, 103000, 1
regional : 699683, 214736, -70701, 83.16, 199600, 2
regional : 634759, 212961, -68586, 85.03, 132200, 2
regional : 788835, 212747, -69703, 80.63, 198400, 2
regional : 224588, 224183, -68473, 66.55, 106800, 1
regional : 391534, 224220, -66677, 89.65, 133000, 1
regional : 684357, 226471, -54280, 91.3, 118400, 2
regional : 765456, 221556, -57601, 81.07, 189200, 1
regional : 555708, 231813, -64379, 74.58, 104600, 2
regional : 960071, 235815, -65495, 82.5, 140600, 2
regional : 886465, 233344, -62973, 103.29, 108200, 2
regional : 975202, 234877, -62297, 67.87, 141800, 1
regional : 637674, 236395, -62905, 103.62, 194000, 2
regional : 282233, 240653, -76692, 80.85, 136200, 1
regional : 181713, 242165, -84953, 72.16, 189800, 2
regional : 670347, 241754, -86326, 94.93, 148600, 1
regional : 732480, 240342, -98429, 105.05, 166200, 1
regional : 957216, 239313, -98793, 75.35, 184000, 1
regional : 995808, 238120, -99838, 73.26, 140200, 2
regional : 157868, 248262, -107457, 98.78, 196400, 1
regional : 526020, 250265, -118348, 78.54, 108000, 2
regional : 927256, 253219, -121965, 80.74, 110800, 1
regional : 138892, 253621, -119330, 73.59, 162200, 1
regional : 918637, 248802, -120201, 79.64, 187200, 2
regional : 554308, 247591, -130398, 88.55, 112800, 1
regional : 176896, 246087, -134993, 107.47, 195200, 2
regional : 885140, 234574, -139878, 106.37, 173600, 2
regional : 503672, 236265, -138094, 85.14, 133600, 2
regional : 986854, 218792, -135818, 72.27, 135400, 1
regional : 989967, 221412, -132987, 86.79, 156800, 1
regional : 446805, 223114, -122589, 105.16, 166800, 1
regional : 473493, 222942, -121026, 66.0, 193400, 1
regional : 133641, 223672, -126282, 69.74, 182200, 1
regional : 502295, 225520, -109696, 102.52, 110600, 2
regional : 772671, 226021, -113440, 72.49, 143400, 2
regional : 189862, 219814, -95367, 68.97, 176200, 2
regional : 710249, 220749, -101640, 66.66, 167400, 2
regional : 177362, 222022, -100083, 92.07, 192800, 1
regional : 120047, 208543, -103091, 96.69, 152200, 2
regional : 257437, 212783, -105347, 76.12, 169200, 1
regional : 555470, 201758, -116708, 88.11, 138800, 2
regional : 339825, 202664, -119623, 90.31, 179000, 1
regional : 499383, 203515, -120211, 99.44, 182800, 1
regional : 939216, 204526, -116267, 91.63, 153200, 1
regional : 846669, 204570, -114460, 105.6, 144400, 1
regional : 918845, 198593, -126340, 109.67, 140200, 1
regional : 734320, 201209, -126590, 108.13, 159000, 2
regional : 760749, 199748, -131489, 89.98, 136200, 1
regional : 498731, 203533, -126799, 94.6, 109600, 2
regional : 825244, 201274, -129928, 95.04, 112400, 1
regional : 370796, 191551, -118673, 106.26, 198200, 1
regional : 546662, 190507, -118580, 76.89, 160600, 2
regional : 811595, 189347, -116639, 81.84, 136000, 2
regional : 239558, 194595, -118246, 69.52, 154600, 2
regional : 891316, 178709, -125757, 71.83, 172000, 2
regional : 497530, 181183, -123107, 107.8, 137000, 2
regional : 321719, 172415, -135530, 80.19, 126200, 2
regional : 447509, 173376, -134796, 74.25, 126600, 1
regional : 845442, 174676, -137628, 109.78, 154800, 1
regional : 159610, 183179, -133530, 88.0, 127200, 1
regional : 814184, 183953, -137803, 74.91, 131000, 1
regional : 627350, 186257, -132091, 104.72, 109000, 2
regional : 688679, 184706, -135356, 103.29, 156600, 2
regional : 946780, 192625, -145809, 69.41, 195600, 2
regional : 236788, 194022, -139804, 76.67, 173400, 1
regional : 571077, 198186, -155315, 83.49, 184400, 1
regional : 700706, 199694, -150602, 88.55, 102800, 2
regional : 974402, 192299, -157310, 67.43, 124200, 1
regional : 585044, 193301, -157207, 86.02, 188000, 2
regional : 269373, 188842, -157281, 109.12, 152000, 1
regional : 559066, 188118, -158099, 105.71, 138000, 2
regional : 671352, 190386, -159539, 93.17, 155400, 1
regional : 284889, 184313, -144745, 93.28, 128800, 1
regional : 352402, 171348, -152751, 73.92, 195600, 1
regional : 754699, 163346, -146667, 107.03, 158400, 2
regional : 176106, 154922, -135946, 95.48, 137200, 1
regional : 770885, 147082, -127038, 105.93, 114200, 2
regional : 610078, 146903, -129543, 104.17, 193800, 1
regional : 882720, 149593, -127345, 107.69, 153000, 1
regional : 591892, 143241, -129667, 91.74, 186800, 1
regional : 811558, 137798, -129097, 66.22, 129600, 2
regional : 491541, 138383, -133888, 89.76, 180800, 1
regional : 525565, 136505, -131895, 108.35, 194200, 2
regional : 973683, 135278, -131959, 92.84, 177400, 1
regional : 202462, 143593, -139781, 106.37, 191200, 2
regional : 536212, 144790, -142934, 91.19, 115400, 1
regional : 532203, 144524, -155450, 94.6, 127800, 1
regional : 677229, 147474, -155795, 75.79, 185800, 1
regional : 327524, 133779, -158400, 75.68, 146000, 1
regional : 709904, 130198, -156154, 103.51, 111800, 2
regional : 859748, 135452, -155088, 71.17, 190400, 2
regional : 345124, 141721, -162900, 85.03, 132400, 2
regional : 662740, 140042, -165953, 66.0, 154200, 1
regional : 111837, 140229, -164344, 82.06, 181800, 2
regional : 754455, 154938, -164819, 104.5, 127200, 2
regional : 907556, 153826, -165997, 76.78, 122600, 1
regional : 129637, 154976, -161709, 92.07, 188000, 2
regional : 138414, 151758, -173463, 92.73, 115200, 2
regional : 612871, 150544, -175670, 86.02, 160200, 2
regional : 179049, 162431, -179486, 80.96, 139600, 2
regional : 337950, 161540, -178303, 72.49, 192800, 2
regional : 532060, 161636, -182463, 101.97, 143000, 2
regional : 375233, 166442, -179431, 104.17, 167800, 2
regional : 582136, 159835, -178173, 87.23, 110000, 1
regional : 590922, 175274, -189751, 92.73, 198400, 1
regional : 755338, 168858, -187104, 68.64, 199000, 1
regional : 945496, 172171, -190153, 82.06, 128000, 2
regional : 748937, 179416, -178931, 102.85, 138600, 2
regional : 833369, 180597, -174869, 80.96, 197400, 2
regional : 808998, 181769, -178526, 76.89, 191400, 1
regional : 943201, 182748, -180137, 67.32, 173800, 2
regional : 558351, 191719, -177041, 105.27, 106600, 1
regional : 784743, 201143, -171967, 66.77, 153600, 2
regional : 620453, 199079, -186393, 84.37, 115200, 1
regional : 390699, 209238, -189824, 89.76, 122600, 2
regional : 452054, 221848, -197963, 101.2, 161600, 1
regional : 161543, 223596, -193035, 70.29, 180200, 2
regional : 831278, 232513, -194175, 81.29, 147200, 2
regional : 624397, 230488, -191857, 70.84, 154200, 1
regional : 573863, 235297, -193919, 98.89, 189800, 1
regional : 346176, 231548, -193112, 109.12, 155800, 2
regional : 198041, 235339, -202680, 87.45, 174800, 1
regional : 644990, 235835, -205892, 91.19, 173800, 1
regional : 787480, 234673, -201160, 85.47, 127600, 1
regional : 807716, 249023, -208481, 83.05, 175800, 1
regional : 625112, 250195, -204464, 71.72, 136400, 1
regional : 133969, 251479, -208506, 66.33, 161000, 1
regional : 549484, 246731, -207320, 82.39, 133800, 1
regional : 321794, 263146, -206803, 100.76, 134800, 2
regional : 580146, 259022, -193796, 79.75, 194400, 1
regional : 694032, 260837, -191967, 92.51, 135600, 1
regional : 847069, 262454, -181084, 100.54, 151400, 2
regional : 694051, 273582, -183594, 89.1, 107600, 2
regional : 586347, 272068, -184413, 108.79, 119000, 2
regional : 275456, 266643, -177681, 68.2, 139400, 1
regional : 389009, 264783, -176767, 87.45, 150600, 1
regional : 302337, 265812, -175733, 77.33, 173200, 2
regional : 124754, 266887, -179306, 81.07, 188400, 1
regional : 651976, 268509, -174948, 69.08, 178000, 2
regional : 636919, 268107, -161651, 77.99, 155400, 2
regional : 233917, 266579, -162006, 104.61, 157400, 1
regional : 798379, 279397, -171228, 88.33, 195400, 1
regional : 665783, 276132, -172477, 69.74, 166600, 2
regional : 125166, 279299, -172486, 88.11, 156000, 2
regional : 602052, 283681, -170881, 74.8, 149200, 2
regional : 478210, 281164, -158317, 85.36, 181800, 1
regional : 212187, 273945, -157201, 93.39, 120400, 1
regional : 704507, 279186, -156539, 92.18, 137200, 1
regional : 662912, 288537, -158315, 96.36, 147600, 2
regional : 324489, 288349, -156375, 82.17, 132800, 1
regional : 215905, 287127, -155450, 101.86, 180400, 2
regional : 697578, 298890, -165415, 71.72, 132200, 1
regional : 463433, 310418, -151552, 82.72, 176800, 1
regional : 823690, 308670, -154432, 78.76, 100200, 2
regional : 269475, 309200, -151543, 103.18, 107000, 2
regional : 254239, 316765, -156867, 77.55, 130800, 2
regional : 331246, 323977, -153431, 69.96, 146400, 2
regional : 412385, 329399, -154321, 84.37, 181600, 2
regional : 191757, 340237, -158163, 77.11, 107000, 1
regional : 282918, 335267, -154813, 97.57, 116400, 2
regional : 342771, 340478, -156408, 72.27, 125200, 1
regional : 685084, 341886, -143940, 104.17, 122200, 1
regional : 320316, 338621, -143398, 89.76, 158800, 2
regional : 473993, 349804, -137106, 94.38, 193000, 2
regional : 706008, 34235, 738, 80.08, 199400, 2
regional : 454977, 32170, -10933, 93.06, 161800, 2
regional : 907009, 31650, -12159, 97.79, 132200, 2
regional : 758037, 21163, -7318, 88.11, 148400, 1
regional : 389854, 23398, -6939, 86.24, 118000, 1
regional : 602644, 24074, -9989, 101.53, 125800, 2
regional : 651294, 41368, -7007, 98.78, 147600, 2
regional : 548252, 37525, -2877, 100.54, 132200, 1
regional : 907717, 41866, -3858, 95.15, 110600, 2
regional : 348515, 38959, -4953, 109.23, 157200, 1
regional : 589716, 46397, -2935, 82.61, 156000, 1
regional : 472022, 45081, -2637, 86.24, 110200, 1
regional : 929018, 47678, -204, 81.73, 109600, 1
regional : 990024, 47307, -10256, 73.04, 107000, 1
regional : 643120, 47690, -6727, 90.64, 166200, 2
regional : 402918, 49712, -7466, 106.26, 197800, 2
regional : 630114, 36990, -20261, 92.73, 144800, 1
regional : 987820, 26959, -27232, 107.14, 145600, 1
regional : 947800, 9173, -8860, 93.06, 135800, 1
regional : 179496, 7356, -8560, 82.94, 170400, 2
regional : 301493, 13625, -18860, 90.75, 139800, 2
regional : 897297, 27184, -12356, 104.06, 175400, 2
regional : 316048, 14622, -9899, 100.43, 196800, 2
regional : 321406, 17557, -8643, 98.23, 125600, 1
regional : 981987, 15206, -8822, 70.4, 171600, 1
regional : 570914, 15729, -6357, 102.63, 148600, 2
regional : 612488, -3982, -7365, 108.35, 162200, 1
regional : 168089, -13157, -12578, 79.97, 122600, 1
regional : 227078, -10680, -9978, 70.18, 176400, 2
regional : 914718, -11200, -11932, 66.11, 167200, 1
regional : 866340, -12730, -13976, 88.11, 178200, 2
regional : 303474, -12898, -1678, 88.11, 133800, 1
regional : 345063, -12651, -2865, 68.09, 189200, 1
regional : 556394, 4294, -22148, 72.16, 157200, 2
regional : 109932, -528, -19565, 98.34, 184400, 2
regional : 160537, 1277, -22195, 102.96, 130200, 2
regional : 881472, 4325, -18834, 90.09, 188800, 1
regional : 204593, -1955, -27185, 100.1, 105200, 1
regional : 319854, -3638, -27008, 103.73, 172400, 2
regional : 812243, -15265, -31661, 91.3, 115400, 1
regional : 996760, -13659, -30698, 95.37, 106000, 2
regional : 242985, -17068, -33783, 92.62, 132800, 2
regional : 471981, -2367, -22761, 71.28, 169200, 1
regional : 308343, -17124, -13183, 106.26, 161600, 1
regional : 756769, -19630, -12134, 93.28, 137400, 2
regional : 650003, -16525, -10404, 88.22, 161200, 2
regional : 301681, -25206, -39471, 88.66, 189400, 1
regional : 484478, -37599, -44212, 93.06, 139600, 1
regional : 668562, -33985, -45432, 94.6, 126800, 1
regional : 817349, -34882, -48342, 98.45, 156000, 2
regional : 998166, -17513, -45877, 96.14, 119800, 1
regional : 704379, -21892, -45171, 87.12, 115400, 1
regional : 844716, -20714, -47828, 101.42, 184000, 1
regional : 439622, -19931, -44631, 81.62, 120200, 1
regional : 786869, -15246, -43803, 78.43, 100200, 1
regional : 959228, -28734, -55856, 91.3, 112800, 2
regional : 534530, -24537, -54553, 66.77, 193600, 1
regional : 733908, -29847, -56378, 100.54, 191800, 1
regional : 552419, -20610, -57176, 90.09, 189400, 1
regional : 543119, -16085, -55392, 102.74, 116000, 2
regional : 895228, -17322, -59559, 94.05, 169400, 2
regional : 386568, -27193, -68807, 108.68, 176200, 2
regional : 960721, -29931, -68545, 75.79, 153600, 2
regional : 169038, -27436, -78753, 71.17, 113400, 2
regional : 627506, -26444, -78169, 107.8, 137600, 2
regional : 221601, 17343, 5884, 91.74, 143000, 1
regional : 722235, 16331, 7527, 71.17, 155600, 2
regional : 120051, 16991, 4149, 90.09, 134400, 2
regional : 882450, 18248, 1433, 83.82, 189800, 2
regional : 774511, 22233, 20395, 91.74, 108600, 1
regional : 692247, 17250, 25526, 74.36, 126800, 1
regional : 941365, 14494, 22884, 79.53, 138000, 2
regional : 220763, 15116, 26043, 81.62, 130800, 2
regional : 740091, 11817, 24913, 106.59, 173400, 1
regional : 785609, 18465, 21885, 104.17, 160000, 1
regional : 718644, 28096, 30803, 73.37, 161000, 2
regional : 853956, 24080, 32968, 92.73, 164400, 2
regional : 651099, 22576, 29745, 81.4, 154400, 2
regional : 320323, 6469, 28218, 93.94, 143800, 2
regional : 304607, 5818, 25905, 103.29, 103200, 1
regional : 896995, 3894, 28738, 92.07, 117200, 1
regional : 840932, 5615, 42014, 77.77, 171800, 2
regional : 471513, 7360, 38606, 80.85, 118800, 1
regional : 956743, 9858, 54246, 107.36, 199000, 1
regional : 465735, 11915, 54391, 88.99, 120400, 1
regional : 598297, 16108, 53658, 103.18, 148400, 1
regional : 425736, 2848, 52258, 98.34, 193200, 2
regional : 349745, 1192, 48141, 80.74, 197200, 2
regional : 494593, 8994, 63027, 101.09, 179200, 2
regional : 634949, 8474, 60748, 91.52, 149200, 2
regional : 555796, 10450, 64498, 76.56, 146200, 2
regional : 499107, 9229, 68106, 98.23, 155600, 2
regional : 825758, 25324, 51336, 91.96, 191000, 1
regional : 555878, 26707, 47920, 96.58, 194600, 2
regional : 781969, 26770, 49262, 81.95, 129000, 1
regional : 676847, 31485, 61292, 91.85, 151800, 1
regional : 341383, 37077, 56932, 84.92, 174400, 2
regional : 210516, 39428, 57536, 81.95, 158000, 1
regional : 195870, 35115, 55766, 108.46, 101800, 1
regional : 337486, 37546, 54733, 75.35, 179800, 2
regional : 342830, 36868, 58293, 75.9, 159400, 2
regional : 658867, 37876, 70843, 66.11, 123400, 1
regional : 459856, 41422, 67988, 104.83, 125000, 2
regional : 435352, 41988, 71436, 71.61, 104800, 1
regional : 282873, 34939, 82489, 100.1, 136600, 2
regional : 987540, 46965, 92723, 91.85, 193400, 1
regional : 404197, 44231, 88277, 107.03, 146200, 1
regional : 963219, 33677, 86829, 69.08, 162400, 1
regional : 306376, 37276, 86866, 97.35, 144200, 2
regional : 631662, 47434, 96988, 72.71, 145400, 2
regional : 518769, 48210, 97667, 88.88, 161800, 1
regional : 881763, 45483, 96987, 79.31, 115600, 2
regional : 639366, 53667, 105351, 100.21, 199000, 1
regional : 142312, 49893, 105444, 75.79, 175800, 1
regional : 952273, 44545, 104139, 71.94, 156600, 1
regional : 845087, 46036, 108815, 100.65, 199200, 2
regional : 497036, 46401, 106606, 79.2, 129400, 1
regional : 895110, 59617, 105459, 72.27, 143600, 1
regional : 652337, 61461, 106281, 109.56, 165200, 1
regional : 244332, 58488, 109317, 97.46, 188400, 1
regional : 164792, 64824, 113774, 98.23, 116600, 1
regional : 315127, 65885, 110657, 76.56, 183200, 2
regional : 128684, 53391, 113443, 102.74, 139400, 1
regional : 387086, 70467, 117746, 105.16, 171800, 2
regional : 644194, 72609, 117713, 70.07, 109000, 2
regional : 826736, 72702, 115668, 70.07, 180000, 2
regional : 977004, 74162, 113618, 70.18, 160600, 2
regional : 894392, 76030, 117584, 101.64, 108800, 2
regional : 474086, 78161, 120290, 92.18, 158400, 1
regional : 973856, 76771, 119274, 71.94, 177400, 1
regional : 747802, 60337, 117780, 77.77, 169600, 1
regional : 443381, 59119, 117721, 90.31, 149600, 1
regional : 734956, 57808, 121526, 106.26, 157400, 2
regional : 931789, 71574, 126421, 95.81, 143200, 1
regional : 967263, 73269, 129544, 96.91, 160600, 1
regional : 986081, 37049, 116596, 71.06, 183200, 2
regional : 800263, 44322, 117760, 66.11, 166000, 1
regional : 195143, 43792, 118872, 71.39, 138200, 2
regional : 286673, 45020, 120058, 99.0, 158200, 2
regional : 874085, 39623, 118065, 67.21, 163600, 2
regional : 731903, 42021, 119355, 74.69, 120600, 2
regional : 224624, 40160, 121940, 96.69, 181400, 1
regional : 336384, 38778, 97216, 87.89, 105000, 2
regional : 179345, 31003, 95122, 73.15, 138600, 2
regional : 321021, 32563, 94271, 93.61, 107600, 2
regional : 927472, 32448, 92875, 72.05, 163000, 2
regional : 498733, 28261, 95503, 66.88, 116400, 2
regional : 555378, 49607, 96196, 72.6, 154600, 2
regional : 684570, 50621, 93962, 92.95, 117800, 2
regional : 472101, 49161, 91054, 109.01, 183800, 2
regional : 439696, 46767, 90418, 78.1, 174800, 2
regional : 311217, 27088, 88484, 73.92, 124200, 2
regional : 183902, 19135, 64702, 79.86, 158600, 2
regional : 356111, 14239, 68456, 66.88, 184800, 1
regional : 199615, 16802, 63264, 85.69, 184400, 2
regional : 451497, 15786, 63900, 77.66, 124200, 1
regional : 558511, 34952, 18570, 85.58, 120000, 1
regional : 528111, 34036, 22909, 79.31, 124400, 1
regional : 313336, 41746, 20380, 69.96, 170000, 2
regional : 386182, 41053, 19521, 89.32, 109800, 1
regional : 809923, 39260, 15097, 87.67, 166200, 1
regional : 537915, 40588, 14885, 87.12, 155000, 2
regional : 683638, 53456, 11713, 71.94, 113000, 1
regional : 269767, 54797, 9471, 97.13, 177400, 2
regional : 394308, 50178, 12232, 99.88, 126400, 1
regional : 114797, 51619, 10983, 109.23, 161200, 1
regional : 632602, 55310, 12901, 104.39, 169400, 2
regional : 146977, 57039, 17048, 82.06, 183600, 2
regional : 131101, 60040, 12911, 99.33, 130600, 1
regional : 287730, 58699, 16238, 99.11, 115200, 1
regional : 677681, 59313, 13696, 94.6, 119000, 1
regional : 439757, 63893, 10020, 87.78, 157400, 2
regional : 855732, 57530, 10896, 101.75, 119200, 1
regional : 520109, 59359, 8742, 92.84, 178000, 2
regional : 289220, 61820, 9849, 93.39, 148000, 2
regional : 445186, 72302, 9436, 91.96, 171800, 1
regional : 158595, 68719, 8705, 94.82, 153800, 1
regional : 259498, 71067, 4372, 100.98, 172400, 1
regional : 199543, 74081, 8943, 66.22, 113600, 2
regional : 478687, 67321, 4228, 98.89, 160400, 1
regional : 205201, 77651, 7880, 70.51, 187200, 2
regional : 634743, 82122, 9569, 103.4, 110000, 1
regional : 834491, 81354, 8871, 90.31, 199200, 1
regional : 891281, 92221, 5405, 75.02, 131000, 1
regional : 975482, 94413, 6064, 74.91, 191400, 1
regional : 223988, 91675, 2517, 96.47, 174400, 2
regional : 251138, 94176, 4932, 105.93, 122400, 1
regional : 833403, 103713, -545, 72.49, 105000, 2
regional : 504195, 105357, 10208, 89.87, 162600, 2
regional : 671095, 105228, 7428, 103.95, 188000, 1
regional : 318844, 107654, 6246, 96.36, 112600, 2
regional : 853458, 106332, 6767, 77.77, 163400, 1
regional : 629770, 110835, 19050, 91.74, 177600, 1
regional : 562251, 108143, 15830, 100.32, 143000, 1
regional : 868206, 110847, 20444, 97.35, 126600, 2
regional : 299153, 108623, 19711, 106.48, 152600, 2
regional : 108318, 95793, 18995, 91.63, 134000, 2
regional : 307840, 94336, 20944, 79.64, 108200, 1
regional : 767965, 102280, 23067, 68.31, 147600, 2
regional : 350927, 103009, 21753, 75.79, 174000, 1
regional : 254039, 99901, 23256, 94.6, 158000, 2
regional : 934534, 103049, 18546, 66.77, 148600, 2
regional : 218556, 100687, 30825, 66.88, 142800, 1
regional : 652776, 98814, 30722, 66.66, 111600, 2
regional : 803934, 101732, 30993, 96.47, 141200, 2
regional : 662395, 100749, 29822, 86.9, 138000, 1
regional : 649239, 106818, 36002, 95.37, 139800, 1
regional : 642250, 104843, 34937, 101.97, 114800, 2
regional : 370963, 107169, 37448, 78.65, 129400, 1
regional : 477738, 90744, 26200, 84.92, 151800, 2
regional : 839943, 88220, 26495, 83.49, 195200, 1
regional : 417539, 91303, 30275, 73.92, 125800, 1
regional : 190719, 92270, 25755, 70.4, 125400, 2
regional : 954243, 79848, 15606, 105.27, 186200, 2
regional : 526105, 77699, 14211, 88.66, 142200, 1
regional : 809453, 77052, 18803, 101.09, 172600, 1
regional : 969420, 65302, 25445, 67.98, 174200, 2
regional : 857501, 70383, 26772, 102.19, 180800, 1
regional : 507859, 76066, 21166, 103.95, 128800, 1
regional : 553133, 78358, 23639, 81.62, 159200, 2
regional : 216018, 66472, 35948, 95.59, 107800, 1
regional : 868297, 70300, 35974, 75.57, 135000, 1
regional : 586460, 67505, 35886, 109.23, 114800, 2
regional : 193480, 59210, 48341, 99.99, 149800, 2
regional : 516239, 58589, 46861, 108.9, 126000, 1
regional : 559687, 57066, 44505, 83.27, 152200, 2
regional : 547510, 56678, 46871, 106.7, 192000, 2
regional : 906508, 60313, 36891, 108.57, 190000, 1
regional : 864189, 59796, 38834, 109.23, 192600, 2
regional : 511093, 61532, 59411, 91.08, 112800, 1
regional : 856560, 62765, 52214, 81.51, 174600, 2
regional : 886953, 63703, 53829, 104.5, 133800, 2
regional : 964560, 63711, 45358, 74.03, 182400, 1
regional : 323744, 63048, 48624, 70.18, 114400, 2
regional : 866384, 66427, 45758, 102.19, 174000, 2
regional : 797836, 61366, 44984, 86.02, 116400, 1
regional : 943897, 54027, 53434, 97.79, 172600, 1
regional : 810324, 56354, 57298, 66.44, 122400, 1
regional : 107276, 47903, 76230, 89.98, 164600, 1
regional : 291547, 48697, 78912, 88.0, 119400, 2
regional : 608228, 49538, 75824, 107.36, 179600, 1
regional : 596279, 46727, 74352, 91.19, 178000, 2
regional : 971487, 57475, 76522, 68.31, 146600, 1
regional : 633113, 60117, 75431, 88.33, 147200, 1
regional : 230907, 54997, 74163, 94.93, 174000, 2
regional : 243631, 58425, 75885, 96.25, 175000, 1
regional : 492011, 54762, 66138, 94.93, 147000, 2
regional : 877974, 55671, 66738, 72.05, 107400, 2
regional : 559611, 71972, 71845, 100.32, 169600, 1
regional : 822118, 70095, 70965, 108.9, 130400, 2
regional : 724114, 68069, 65055, 97.35, 187000, 1
regional : 830337, 65523, 59916, 72.38, 150800, 1
regional : 235593, 65714, 65418, 109.34, 145800, 2
regional : 535224, 68077, 62913, 69.19, 149600, 2
regional : 522382, 76667, 70573, 104.06, 168800, 2
regional : 494943, 76639, 57958, 77.55, 175800, 2
regional : 858715, 79688, 60179, 108.68, 107800, 1
regional : 158566, 79888, 54545, 88.33, 142000, 2
regional : 958452, 78673, 48926, 71.28, 170000, 2
regional : 701353, 88748, 63790, 78.87, 103000, 1
regional : 529567, 91689, 59095, 99.11, 184600, 1
regional : 858671, 93239, 58209, 95.92, 121000, 1
regional : 449918, 90547, 59403, 74.69, 102000, 2
regional : 109908, 93882, 56410, 89.43, 188200, 2
regional : 990133, 68155, 51724, 66.44, 106600, 1
regional : 374558, 70032, 51363, 71.83, 144000, 2
regional : 141110, 69141, 49966, 89.43, 138200, 2
regional : 496386, 71501, 52038, 89.43, 104400, 2
regional : 504205, 81823, 50318, 68.97, 199600, 2
regional : 572527, 80226, 47303, 89.54, 138200, 1
regional : 778730, 69158, 57976, 69.08, 175200, 1
regional : 140740, 68232, 59313, 109.56, 146800, 2
regional : 904035, 72284, 59309, 68.09, 177400, 2
regional : 812603, 73606, 58964, 70.07, 106200, 1
regional : 821077, 85789, 40177, 98.23, 175200, 1
regional : 643483, 81860, 38688, 72.27, 141000, 1
regional : 317265, 84709, 35868, 97.9, 169200, 2
regional : 927323, 84917, 42074, 95.92, 163800, 1
regional : 237892, 82137, 33182, 108.79, 101200, 2
regional : 873178, 85620, 34711, 101.53, 178400, 1
regional : 147523, 80839, 34484, 85.91, 123400, 1
regional : 241014, 79583, 33951, 105.05, 197200, 2
regional : 874820, 86783, 48393, 108.02, 150800, 1
regional : 360386, 83546, 49018, 76.23, 131200, 2
regional : 918331, 92457, 46195, 83.93, 173600, 2
regional : 276118, 91101, 46657, 78.65, 193400, 2
regional : 366960, 92890, 48738, 87.78, 167000, 1
regional : 679606, 106369, 44203, 107.14, 169400, 1
regional : 270232, 109627, 47270, 75.46, 126800, 1
regional : 839687, 101782, 52214, 66.77, 140800, 1
regional : 981904, 105732, 53459, 67.1, 108000, 2
regional : 996212, 106826, 53782, 90.31, 148000, 1
regional : 912991, 103528, 54445, 67.43, 163800, 1
regional : 371242, 101494, 63146, 105.71, 150600, 2
regional : 399505, 101648, 59692, 88.0, 104600, 1
regional : 877940, 102647, 58895, 102.08, 171400, 1
regional : 147359, 92385, 37100, 106.37, 127200, 1
regional : 343944, 91686, 36206, 78.54, 135000, 1
regional : 124212, 93114, 38900, 99.11, 103000, 2
regional : 945947, 96247, 37028, 99.0, 122800, 2
regional : 571943, 90832, 39232, 93.39, 166200, 2
regional : 860510, 115384, 44979, 66.77, 194600, 2
regional : 995907, 120450, 46966, 66.11, 126000, 2
regional : 886309, 116181, 46049, 100.87, 142600, 1
regional : 594203, 116141, 44065, 109.89, 130600, 1
regional : 692713, 119813, 31011, 79.31, 151800, 1
regional : 443213, 119182, 33139, 71.06, 116600, 2
regional : 227574, 118037, 34452, 84.92, 194200, 1
regional : 292428, 122791, 38207, 75.13, 177200, 1
regional : 753058, 119983, 35827, 97.57, 149000, 1
regional : 805355, 109019, 48207, 96.47, 131000, 2
regional : 618999, 121391, 56404, 77.33, 161200, 1
regional : 260193, 118672, 54477, 85.91, 116400, 2
regional : 853179, 117677, 55379, 76.23, 174000, 2
regional : 654357, 119120, 56128, 92.84, 197600, 2
regional : 299090, 120217, 58094, 71.28, 167000, 1
regional : 886747, 112353, 69771, 84.7, 143800, 2
regional : 406944, 109886, 64537, 87.45, 175400, 2
regional : 401186, 107694, 66722, 75.46, 190200, 2
regional : 756831, 103286, 65822, 70.07, 144800, 2
regional : 471595, 106581, 67065, 81.95, 199400, 2
regional : 310621, 125745, 73716, 91.63, 140600, 2
regional : 298312, 121564, 76242, 79.31, 101800, 2
regional : 728041, 132455, 73686, 105.71, 115800, 2
regional : 782299, 132785, 70874, 89.1, 182000, 1
regional : 716685, 121199, 88588, 67.65, 171000, 2
regional : 232769, 123759, 90803, 107.69, 170000, 1
regional : 532315, 121949, 92210, 74.69, 129600, 2
regional : 228213, 122718, 89381, 78.76, 177800, 1
regional : 670144, 127111, 99601, 79.09, 128600, 1
regional : 960566, 127375, 95204, 102.19, 117000, 2
regional : 363972, 113687, 95632, 88.11, 102200, 1
regional : 217129, 117942, 93603, 68.2, 129800, 2
regional : 917472, 115650, 96314, 98.34, 167600, 1
regional : 487443, 108261, 96944, 104.28, 165200, 2
regional : 749752, 106876, 100028, 75.79, 181400, 1
regional : 376758, 110613, 95757, 95.15, 121400, 2
regional : 454052, 110271, 99150, 68.31, 123000, 1
regional : 456274, 107946, 95144, 66.66, 181400, 2
regional : 716209, 107091, 103274, 96.14, 110000, 2
regional : 413846, 104728, 102673, 76.34, 187200, 1
regional : 563113, 103770, 104030, 93.94, 154800, 1
regional : 716506, 102728, 106252, 89.54, 186800, 2
regional : 966873, 100633, 99092, 81.18, 174200, 1
regional : 888139, 99214, 98021, 98.67, 160400, 1
regional : 131795, 95738, 106811, 72.6, 196400, 1
regional : 165143, 96991, 107922, 73.92, 116200, 1
regional : 805928, 88871, 119319, 107.25, 122800, 1
regional : 306007, 93474, 125208, 89.43, 110400, 2
regional : 634424, 89693, 123729, 104.5, 103600, 2
regional : 960361, 88267, 125560, 82.72, 188400, 1
regional : 105781, 95925, 111432, 103.29, 116800, 2
regional : 402599, 84627, 112967, 76.67, 115800, 2
regional : 811679, 85929, 109616, 82.06, 137200, 2
regional : 641035, 80578, 114243, 98.23, 175800, 2
regional : 384691, 66961, 106679, 104.5, 143600, 2
regional : 933103, 67024, 104304, 102.52, 182800, 2
regional : 395127, 70446, 81411, 69.3, 127000, 2
regional : 924033, 67264, 83512, 90.53, 104800, 1
regional : 791328, 65707, 82892, 67.98, 178000, 2
regional : 610857, 69835, 83275, 104.72, 171600, 2
regional : 943251, 77476, 82449, 66.0, 154200, 2
regional : 571986, 77629, 81227, 99.44, 128200, 1
regional : 201503, 73600, 82387, 93.5, 197800, 1
regional : 668712, 74413, 81079, 71.17, 159000, 2
regional : 361054, 77567, 80100, 106.7, 111000, 2
regional : 690954, 74755, 96123, 72.82, 136400, 1
regional : 754005, 73511, 98916, 83.6, 149400, 1
regional : 526038, 74623, 93748, 74.03, 100200, 2
regional : 426813, 77593, 89232, 97.46, 124000, 1
regional : 565111, 78243, 91232, 80.08, 194200, 1
regional : 847964, 80314, 90521, 83.82, 178200, 2
regional : 480923, 87980, 98693, 100.98, 161600, 1
regional : 500936, 86831, 96298, 100.87, 121200, 1
regional : 827884, 85071, 96927, 99.55, 110200, 1
regional : 240995, 111489, 84952, 76.23, 104200, 1
regional : 964299, 112592, 83299, 93.39, 195400, 1
regional : 710756, 99473, 91063, 85.36, 127400, 2
regional : 640003, 99240, 89522, 97.02, 106600, 2
regional : 220746, 100741, 90580, 77.55, 101000, 1
regional : 371789, 99127, 87151, 108.79, 199200, 2
regional : 888692, 25619, 27489, 86.79, 169200, 1
regional : 683541, 24574, 24672, 99.11, 119200, 2
regional : 783896, 27396, 29248, 98.56, 139400, 2
regional : 531157, 27562, 25179, 96.25, 117000, 1
regional : 316682, 60727, 677, 79.53, 107200, 2
regional : 797606, 52021, -20741, 85.36, 197600, 2
regional : 461576, 53228, -22407, 69.74, 168400, 2
regional : 228706, 61158, -10826, 77.55, 118600, 1
regional : 543564, 61329, -11906, 98.89, 197200, 1
regional : 673380, 58912, -27816, 72.6, 150000, 1
regional : 430797, 59203, -26081, 82.83, 132800, 2
regional : 115196, 57185, -21995, 79.31, 121400, 1
regional : 713552, 62644, -28592, 80.96, 138600, 1
regional : 703135, 67976, -31785, 81.95, 107200, 2
regional : 403604, 64984, -29012, 85.36, 124400, 2
economy : 7305107281, 130, 2, [727210, 837698]
business : 7364348789, 167, 0, [727210, 837698]
business : 6464866931, 153, 2, [727210, 837698]
economy : 3070816341, 151, 2, [727210, 837698]
economy : 4654784127, 159, 3, [727210, 837698]
economy : 5755149817, 98, 0, [727210, 837698]
business : 1822862579, 109, 0, [727210, 837698]
business : 7253630179, 95, 1, [727210, 837698]
economy : 9380430763, 164, 4, [727210, 837698]
economy : 9774867765, 84, 0, [727210, 837698]
economy : 5189368433, 74, 4, [727210, 837698]
economy : 4870857839, 164, 2, [727210, 837698]
economy : 3140153957, 104, 2, [727210, 837698]
economy : 1374105696, 137, 6, [727210, 837698]
economy : 3299644080, 74, 2, [727210, 837698]
economy : 7267368185, 83, 0, [727210, 837698]
economy : 3082143785, 55, 1, [727210, 837698]
economy : 2560472025, 77, 1, [727210, 837698]
economy : 7754294379, 88, 2, [727210, 837698]
business : 9102913627, 178, 2, [727210, 837698]
economy : 4762149767, 57, 0, [727210, 837698]
economy : 6151978731, 138, 2, [727210, 837698]
economy : 4738736011, 136, 2, [727210, 837698]
economy : 7529436891, 135, 1, [727210, 837698]
economy : 1988699175, 134, 1, [727210, 837698]
economy : 9143795233, 141, 2, [727210, 837698]
business : 5051790187, 74, 0, [727210, 837698]
economy : 3721691796, 117, 1, [727210, 837698]
business : 5084329571, 163, 1, [727210, 837698]
economy : 7864815788, 54, 2, [727210, 837698]
economy : 2259953155, 113, 3, [727210, 837698]
economy : 8531915089, 136, 2, [727210, 837698]
business : 5980057647, 134, 7, [727210, 837698]
economy : 7679199197, 138, 2, [727210, 837698]
economy : 3832534990, 71, 6, [727210, 837698]
first : 4209415019, 98, 2, [727210, 837698]
business : 5823074850, 197, 5, [727210, 837698]
economy : 3369079601, 49, 2, [727210, 837698]
business : 8940938528, 78, 3, [727210, 837698]
economy : 4548943399, 92, 1, [727210, 837698]
economy : 3336751437, 104, 4, [727210, 837698]
economy : 3563813548, 60, 2, [727210, 837698]
economy : 8488219841, 138, 0, [727210, 837698]
economy : 6264557363, 54, 3, [727210, 837698]
economy : 4033360562, 92, 5, [727210, 837698]
business : 3676113984, 127, 0, [727210, 837698]
economy : 6914939853, 111, 2, [727210, 837698]
economy : 3848262546, 186, 9, [727210, 837698]
economy : 2509523932, 92, 0, [727210, 837698]
economy : 9283683672, 40, 1, [727210, 837698]
economy : 9525782704, 105, 8, [727210, 837698]
business : 6847619095, 65, 4, [727210, 837698]
economy : 4145311527, 54, 1, [727210, 837698]
economy : 4716760968, 169, 1, [727210, 837698]
business : 7938646891, 67, 4, [727210, 837698]
business : 7375503871, 83, 1, [727210, 837698]
economy : 7189331052, 106, 4, [727210, 837698]
business : 9353783564, 55, 3, [727210, 837698]
business : 5233678253, 127, 1, [727210, 837698]
economy : 2483785579, 98, 0, [727210, 837698]
economy : 4544175392, 178, 3, [727210, 837698]
economy : 5691261674, 45, 1, [727210, 837698]
economy : 6421342004, 85, 5, [727210, 837698]
economy : 4626924783, 61, 1, [727210, 837698]
economy : 5446569021, 190, 1, [727210, 837698]
economy : 3234872058, 47, 0, [727210, 837698]
business : 5525111233, 142, 5, [727210, 837698]
economy : 6453418727, 124, 5, [727210, 837698]
business : 3563001651, 40, 0, [727210, 837698]
business : 2340286676, 197, 0, [727210, 837698]
economy : 6596152043, 122, 3, [727210, 837698]
business : 4193564045, 51, 5, [727210, 837698]
economy : 8573873895, 107, 10, [727210, 837698]
economy : 8049764524, 146, 2, [727210, 837698]
business : 2288695319, 79, 2, [727210, 837698]
business : 1147197567, 177, 1, [727210, 837698]
economy : 1750874436, 106, 1, [727210, 837698]
business : 2794009163, 91, 0, [727210, 837698]
economy : 6840809680, 199, 3, [727210, 837698]
economy : 2195728012, 41, 10, [727210, 837698]
economy : 3778211705, 76, 2, [727210, 837698]
economy : 1599642781, 195, 2, [727210, 837698]
business : 1966393037, 158, 2, [727210, 837698]
business : 9837475991, 43, 0, [727210, 837698]
business : 8365287957, 196, 8, [727210, 837698]
economy : 3531351404, 192, 3, [727210, 837698]
economy : 8563828898, 187, 10, [727210, 837698]
economy : 4222032355, 130, 1, [727210, 837698]
economy : 1723860176, 115, 0, [727210, 837698]
economy : 6247754176, 108, 1, [727210, 837698]
economy : 9278317732, 189, 1, [727210, 837698]
economy : 8406124598, 178, 1, [727210, 837698]
economy : 5717706242, 174, 2, [727210, 837698]
economy : 8017377539, 194, 0, [727210, 837698]
economy : 1507966827, 114, 0, [727210, 837698]
economy : 1082287721, 157, 2, [727210, 837698]
economy : 9438826397, 186, 3, [727210, 837698]
economy : 4537936312, 74, 2, [727210, 837698]
economy : 1205358366, 140, 3, [727210, 837698]
economy : 4626460364, 175, 1, [727210, 837698]
economy : 8769790694, 167, 1, [727210, 837698]
economy : 6241886378, 118, 1, [727210, 837698]
business : 3722827458, 112, 3, [727210, 837698]
economy : 3721453742, 74, 2, [727210, 837698]
economy : 5938674733, 142, 1, [727210, 837698]
business : 4218539860, 136, 1, [727210, 837698]
business : 2536996857, 114, 2, [727210, 837698]
business : 4013402461, 171, 4, [727210, 837698]
economy : 3802494127, 103, 3, [727210, 837698]
economy : 4875516288, 62, 2, [727210, 837698]
economy : 7663286233, 116, 2, [727210, 837698]
economy : 7816667526, 64, 0, [727210, 837698]
economy : 1225150919, 154, 3, [727210, 837698]
economy : 2988145265, 184, 1, [727210, 837698]
business : 7159157609, 170, 2, [727210, 837698]
business : 4033039939, 112, 2, [727210, 837698]
economy : 2447353870, 200, 0, [727210, 837698]
business : 6655599411, 193, 2, [727210, 837698]
economy : 9707288021, 157, 0, [727210, 837698]
first : 5736874715, 181, 1, [727210, 837698]
economy : 3419560268, 96, 6, [727210, 837698]
economy : 6750129961, 171, 2, [727210, 837698]
economy : 8827290434, 174, 2, [727210, 837698]
economy : 2716634100, 155, 0, [727210, 837698]
economy : 1131821090, 166, 2, [727210, 837698]
economy : 3154279134, 121, 1, [727210, 837698]
economy : 7151084967, 65, 4, [727210, 837698]
business : 7344632466, 179, 2, [727210, 837698]
economy : 5978830672, 184, 7, [727210, 837698]
business : 2978349855, 166, 0, [727210, 837698]
economy : 2423015862, 90, 0, [727210, 837698]
economy : 9326413616, 147, 1, [727210, 837698]
business : 9665889725, 131, 2, [727210, 837698]
economy : 9460605237, 145, 3, [727210, 837698]
economy : 6187235170, 135, 0, [727210, 837698]
business : 6079654440, 196, 5, [727210, 837698]
economy : 2606801887, 110, 4, [727210, 837698]
economy : 5707288339, 106, 1, [727210, 837698]
economy : 2856615899, 157, 1, [727210, 837698]
economy : 3620511622, 112, 2, [727210, 837698]
economy : 9388360137, 146, 2, [727210, 837698]
economy : 6168241790, 80, 1, [727210, 837698]
business : 5527503976, 75, 0, [727210, 837698]
economy : 9656978047, 149, 1, [727210, 837698]
economy : 4510553942, 181, 2, [727210, 837698]
business : 9952685088, 84, 6, [727210, 837698]
economy : 5525637256, 117, 1, [727210, 837698]
economy : 3806777355, 158, 2, [727210, 837698]
business : 2211868098, 149, 1, [727210, 837698]
economy : 9899484185, 163, 3, [727210, 837698]
business : 6921417888, 136, 4, [727210, 837698]
business : 9443298285, 141, 2, [727210, 837698]
economy : 1101678777, 82, 1, [727210, 837698]
economy : 2347816855, 125, 3, [727210, 837698]
business : 4788039143, 80, 1, [727210, 837698]
business : 6516971063, 172, 1, [727210, 837698]
first : 9720785959, 173, 10, [727210, 837698]
economy : 8575506223, 126, 2, [727210, 837698]
economy : 1911358935, 179, 4, [727210, 837698]
business : 6457544047, 101, 3, [727210, 837698]
business : 5431136906, 43, 3, [727210, 837698]
economy : 6197292660, 84, 7, [727210, 837698]
economy : 1005569038, 113, 4, [727210, 837698]
business : 7558533535, 140, 8, [727210, 837698]
economy : 2237803099, 131, 1, [727210, 837698]
business : 1177086836, 97, 1, [727210, 837698]
economy : 6377822308, 103, 2, [727210, 837698]
economy : 7792291981, 143, 6, [727210, 837698]
economy : 7100371379, 158, 1, [727210, 837698]
economy : 9250983726, 94, 3, [727210, 837698]
business : 1244936780, 169, 1, [727210, 837698]
economy : 4327005900, 122, 0, [727210, 837698]
business : 6927350335, 108, 2, [727210, 837698]
economy : 9605935292, 127, 8, [727210, 837698]
business : 2296485066, 195, 3, [727210, 837698]
business : 2516100467, 127, 0, [727210, 837698]
economy : 1562965395, 77, 8, [727210, 837698]
economy : 1825385532, 186, 1, [727210, 837698]
economy : 9119498474, 189, 1, [727210, 837698]
business : 3235713291, 82, 0, [727210, 837698]
economy : 5795209687, 124, 5, [727210, 837698]
business : 8810805911, 125, 0, [727210, 837698]
business : 4082190406, 102, 1, [727210, 837698]
economy : 3471457018, 48, 3, [727210, 837698]
business : 4994698716, 195, 2, [727210, 837698]
economy : 3753000754, 144, 7, [727210, 837698]
economy : 5441632528, 63, 1, [727210, 837698]
economy : 2047025631, 100, 1, [727210, 837698]
economy : 5354617295, 170, 2, [727210, 837698]
business : 2230319001, 86, 2, [727210, 837698]
economy : 3650604858, 89, 1, [727210, 837698]
business : 1923626537, 154, 2, [727210, 837698]
business : 1062854870, 76, 3, [727210, 837698]
economy : 4333874035, 93, 3, [727210, 837698]
economy : 7032005489, 186, 5, [727210, 837698]
business : 1969141174, 128, 3, [727210, 837698]
economy : 6948811334, 115, 4, [727210, 837698]
economy : 1031074107, 133, 1, [727210, 837698]
economy : 1330487823, 49, 2, [727210, 837698]
economy : 7215529875, 173, 0, [727210, 837698]
economy : 8069709376, 196, 1, [727210, 837698]
economy : 6587237671, 177, 0, [727210, 837698]
economy : 5841768250, 114, 1, [727210, 837698]
business : 8633712207, 101, 2, [727210, 837698]
business : 4386233835, 114, 0, [727210, 837698]
economy : 1798567301, 189, 0, [727210, 837698]
economy : 6462812173, 141, 4, [727210, 837698]
economy : 7203669828, 108, 1, [727210, 837698]
economy : 4374258678, 181, 1, [727210, 837698]
business : 1729175475, 196, 2, [727210, 837698]
economy : 8169008978, 61, 1, [727210, 837698]
business : 8861133737, 130, 2, [727210, 837698]
business : 5544912859, 125, 0, [727210, 837698]
economy : 9553558007, 182, 1, [727210, 837698]
economy : 3011313657, 189, 2, [727210, 837698]
economy : 8514234163, 177, 1, [727210, 837698]
business : 5135332245, 181, 5, [727210, 837698]
business : 3502563442, 129, 2, [727210, 837698]
economy : 6506242725, 47, 10, [727210, 837698]
business : 7668698674, 106, 1, [727210, 837698]
economy : 8162532150, 127, 4, [727210, 837698]
economy : 2901597798, 191, 0, [727210, 837698]
economy : 4664553327, 130, 6, [727210, 837698]
economy : 6979143966, 71, 2, [727210, 837698]
economy : 9312082627, 190, 2, [727210, 837698]
business : 9314045002, 180, 4, [727210, 837698]
economy : 7535287954, 117, 8, [727210, 837698]
economy : 8296143090, 45, 1, [727210, 837698]
business : 1391792213, 71, 0, [727210, 837698]
economy : 3366192235, 55, 3, [727210, 837698]
economy : 6652124165, 91, 0, [727210, 837698]
economy : 3176092872, 114, 1, [727210, 837698]
economy : 2797113878, 107, 2, [727210, 837698]
business : 7738330842, 174, 2, [727210, 837698]
economy : 1352145130, 100, 0, [727210, 837698]
business : 6458536078, 98, 1, [727210, 837698]
economy : 4017779348, 42, 2, [727210, 837698]
business : 1888038585, 137, 2, [727210, 837698]
business : 8382597607, 42, 1, [727210, 837698]
economy : 4602951924, 139, 1, [727210, 837698]
business : 8981996462, 144, 1, [727210, 837698]
business : 4095963495, 94, 3, [727210, 837698]
business : 4009717565, 74, 0, [727210, 837698]
economy : 9534716775, 128, 0, [727210, 837698]
business : 1389423347, 65, 1, [727210, 837698]
economy : 1271502636, 163, 8, [727210, 837698]
economy : 2705671452, 79, 1, [727210, 837698]
economy : 7154128759, 143, 1, [727210, 837698]
economy : 7704652637, 65, 0, [727210, 837698]
business : 6575179230, 200, 0, [727210, 837698]
business : 8258117254, 45, 1, [727210, 837698]
luxury : 4169998617, 59, 0, [727210, 837698]
economy : 8875651811, 85, 6, [727210, 837698]
economy : 6205492393, 150, 1, [727210, 837698]
economy : 8496937671, 124, 2, [727210, 837698]
economy : 8036189086, 100, 3, [727210, 837698]
business : 3193134317, 77, 1, [727210, 837698]
economy : 2891080591, 197, 3, [727210, 837698]
business : 5746693629, 145, 2, [727210, 837698]
economy : 9709812859, 200, 4, [727210, 837698]
business : 2037113896, 197, 0, [727210, 837698]
economy : 5174909228, 192, 1, [727210, 837698]
business : 8528737168, 162, 5, [727210, 837698]
economy : 4371602522, 113, 1, [727210, 837698]
economy : 6971354058, 44, 4, [727210, 837698]
economy : 5594641826, 55, 1, [727210, 837698]
economy : 2196006722, 190, 6, [727210, 837698]
economy : 5297344573, 134, 1, [727210, 837698]
economy : 3653336482, 116, 1, [727210, 837698]
business : 6479093649, 131, 1, [727210, 837698]
economy : 9393154313, 135, 0, [727210, 837698]
economy : 9801302411, 155, 2, [727210, 837698]
economy : 8860845851, 101, 3, [727210, 837698]
economy : 6274927556, 154, 2, [727210, 837698]
economy : 9544821106, 129, 1, [727210, 837698]
economy : 6850815014, 44, 2, [727210, 837698]
economy : 5160606620, 102, 1, [727210, 837698]
economy : 5718934680, 84, 2, [727210, 837698]
economy : 7955148473, 146, 2, [727210, 837698]
business : 1944706215, 163, 2, [727210, 837698]
economy : 4915855615, 53, 1, [727210, 837698]
economy : 1054077021, 156, 0, [727210, 837698]
economy : 5361884579, 155, 2, [727210, 837698]
economy : 3078258524, 66, 3, [727210, 837698]
economy : 9514851602, 51, 5, [727210, 837698]
business : 9452704687, 71, 1, [727210, 837698]
business : 7245597695, 93, 1, [727210, 837698]
economy : 3818381668, 108, 2, [727210, 837698]
economy : 5839998625, 69, 1, [727210, 837698]
economy : 8136120984, 47, 2, [727210, 837698]
economy : 9500742340, 193, 0, [727210, 837698]
business : 7316488734, 123, 3, [727210, 837698]
economy : 5857961184, 80, 0, [727210, 837698]
business : 8930592042, 176, 3, [727210, 837698]
business : 9124150492, 50, 2, [727210, 837698]
business : 4015938613, 173, 0, [727210, 837698]
economy : 7695371991, 162, 1, [727210, 837698]
business : 8521292799, 176, 1, [727210, 837698]
business : 2645824169, 194, 2, [727210, 837698]
business : 3286928162, 133, 4, [727210, 837698]
economy : 2353282689, 61, 1, [727210, 837698]
economy : 2461718312, 95, 2, [727210, 837698]
economy : 1457329652, 151, 6, [727210, 837698]
business : 9742492772, 101, 2, [727210, 837698]
economy : 9156055438, 124, 6, [727210, 837698]
business : 9540918383, 152, 1, [727210, 837698]
business : 9067752207, 66, 0, [727210, 837698]
economy : 9515890071, 42, 6, [727210, 837698]
economy : 1751156680, 68, 9, [727210, 837698]
economy : 6127989125, 191, 0, [727210, 837698]
economy : 3469241176, 133, 1, [727210, 837698]
economy : 1208587990, 82, 0, [727210, 837698]
economy : 7235157974, 173, 1, [727210, 837698]
economy : 3585203402, 75, 0, [727210, 837698]
business : 1134110573, 118, 2, [727210, 837698]
business : 2236688533, 81, 2, [727210, 837698]
economy : 2984519221, 199, 6, [727210, 837698]
economy : 6580264349, 94, 2, [727210, 837698]
economy : 9974660820, 147, 7, [727210, 837698]
economy : 4926542992, 83, 2, [727210, 837698]
business : 4361361508, 46, 1, [727210, 837698]
economy : 9206901582, 170, 2, [727210, 837698]
economy : 1319657268, 136, 0, [727210, 837698]
business : 7966126292, 134, 2, [727210, 837698]
economy : 5519970322, 111, 2, [727210, 837698]
economy : 5052903023, 182, 2, [727210, 837698]
business : 6098269182, 142, 3, [727210, 837698]
economy : 6441979300, 113, 2, [727210, 837698]
business : 5115470684, 175, 3, [727210, 837698]
business : 9780398612, 77, 2, [727210, 837698]
economy : 6726364879, 146, 0, [727210, 837698]
luxury : 2630134518, 177, 7, [727210, 837698]
economy : 9319049941, 160, 0, [727210, 837698]
business : 4214885722, 139, 1, [727210, 837698]
economy : 3713889298, 62, 1, [727210, 837698]
business : 6344690030, 184, 2, [727210, 837698]
business : 2660786872, 49, 9, [727210, 837698]
economy : 4099542543, 96, 2, [727210, 837698]
economy : 3639432129, 187, 1, [727210, 837698]
business : 2789215353, 80, 1, [727210, 837698]
economy : 9204020490, 52, 2, [727210, 837698]
economy : 9513042669, 62, 1, [727210, 837698]
economy : 1505473641, 114, 2, [727210, 837698]
economy : 4580813779, 143, 3, [727210, 837698]
economy : 8475191468, 172, 4, [727210, 837698]
economy : 8237586881, 142, 1, [727210, 837698]
economy : 6431597537, 64, 10, [727210, 837698]
business : 1931013772, 101, 1, [727210, 837698]
economy : 4391908413, 139, 2, [727210, 837698]
economy : 7595801511, 157, 10, [727210, 837698]
economy : 9202714763, 130, 2, [727210, 837698]
economy : 4234506534, 82, 0, [727210, 837698]
economy : 2784050516, 122, 1, [727210, 837698]
economy : 3619661581, 151, 1, [727210, 837698]
business : 8514678898, 134, 9, [727210, 837698]
business : 7882943997, 69, 3, [727210, 837698]
economy : 5038037677, 164, 2, [727210, 837698]
economy : 3009945023, 174, 2, [727210, 837698]
economy : 4370824988, 53, 0, [727210, 837698]
economy : 9874201763, 85, 1, [727210, 837698]
economy : 9262375311, 85, 2, [727210, 837698]
economy : 3711186667, 125, 0, [727210, 837698]
economy : 1016760949, 69, 0, [727210, 837698]
economy : 3090027932, 72, 2, [727210, 837698]
economy : 7738039509, 82, 1, [727210, 837698]
economy : 2341351117, 73, 5, [727210, 837698]
economy : 8373391376, 140, 2, [727210, 837698]
economy : 1431389100, 48, 1, [727210, 837698]
economy : 4427535796, 199, 2, [727210, 837698]
business : 8482565398, 174, 1, [727210, 837698]
economy : 3904391910, 190, 1, [727210, 837698]
economy : 9383758719, 171, 2, [727210, 837698]
business : 3271831436, 56, 3, [727210, 837698]
economy : 9176361974, 160, 3, [727210, 837698]
economy : 8557424878, 156, 1, [727210, 837698]
economy : 5205842660, 176, 7, [727210, 837698]
economy : 2465118614, 125, 1, [727210, 837698]
economy : 2898461885, 93, 2, [727210, 837698]
economy : 4643146036, 141, 3, [727210, 837698]
economy : 8056889777, 82, 4, [727210, 837698]
business : 4790983348, 125, 6, [727210, 837698]
economy : 2264730181, 128, 3, [727210, 837698]
economy : 4379112241, 72, 2, [727210, 837698]
economy : 3102199456, 76, 1, [727210, 837698]
economy : 6801548074, 44, 2, [727210, 837698]
economy : 5415834271, 79, 1, [727210, 837698]
business : 2014200496, 124, 0, [727210, 837698]
economy : 2002803801, 126, 2, [727210, 837698]
economy : 5981885185, 121, 5, [727210, 837698]
business : 9066142311, 146, 3, [727210, 837698]
economy : 2855433051, 77, 2, [727210, 837698]
economy : 3231107309, 136, 2, [727210, 837698]
economy : 8269369745, 110, 6, [727210, 837698]
economy : 9427868221, 128, 2, [727210, 837698]
economy : 2873152521, 87, 0, [727210, 837698]
economy : 2146196126, 98, 1, [727210, 837698]
economy : 3098948134, 134, 1, [727210, 837698]
business : 4277788292, 197, 5, [727210, 837698]
economy : 2695831868, 118, 2, [727210, 837698]
business : 9274069973, 96, 7, [727210, 837698]
business : 9907030018, 102, 1, [727210, 837698]
business : 3853148144, 90, 7, [727210, 837698]
economy : 7375282182, 189, 2, [727210, 837698]
business : 6822992805, 59, 2, [727210, 837698]
economy : 5740823126, 63, 2, [727210, 837698]
economy : 6842032774, 45, 9, [727210, 837698]
economy : 1612264226, 150, 1, [727210, 837698]
business : 1785686266, 127, 1, [727210, 837698]
business : 3513302993, 46, 2, [727210, 837698]
business : 7268204028, 123, 1, [727210, 837698]
business : 9208849749, 85, 1, [727210, 837698]
economy : 7513687128, 59, 3, [727210, 837698]
business : 9392116135, 132, 1, [727210, 837698]
business : 6418287194, 89, 0, [727210, 837698]
economy : 2480197497, 114, 2, [727210, 837698]
economy : 4784552958, 83, 0, [727210, 837698]
economy : 7190132060, 42, 2, [727210, 837698]
business : 4882514057, 178, 1, [727210, 837698]
business : 1161005855, 200, 0, [727210, 837698]
