
user5966
compiling...
Note: src/project/airline/Airline.java uses unchecked or unsafe operations.
Note: Recompile with -Xlint:unchecked for details.
running...
input0.txt testing...
input1.txt testing...
input10.txt testing...
input11.txt testing...
input12.txt testing...
input13.txt testing...
input14.txt testing...
input15.txt testing...
input16.txt testing...
input17.txt testing...
input18.txt testing...
input19.txt testing...
input2.txt testing...
input20.txt testing...
input21.txt testing...
input22.txt testing...
input23.txt testing...
input24.txt testing...
input25.txt testing...
[0, 10244, 10262, 10267, 25, 37, 77, 56, 49, 44, 10363, 10391, 10414, 78, 10467, 10526, 10524, 85, 80, 10474, 10490, 10495, 10520, 10639, 145, 151, 10689, 13494, 13493, 13440, 13437, 13445, 1146, 13448, 13451, 1157, 13589, 13534, 1169, 1167, 1161, 1160, 13506, 13538, 13542, 13552, 12538, 12525, 817, 805, 814, 12505, 12483, 12502, 12519, 12520, 12634, 12606, 12603, 842, 853, 12642, 12688, 12690, 12751, 898, 897, 12704, 12691, 12695, 12710, 12718, 12736, 12792, 12841, 12821, 924, 12806, 12850, 12855, 12905, 12910, 12101, 657, 645, 12053, 12057, 12072, 12080, 12121, 12156, 12255, 696, 12188, 687, 12171, 12195, 12212, 12258, 12320, 12310, 12308, 12279, 12262, 12266, 12284, 12290, 12326, 12341, 752, 12345, 15076, 15023, 1739, 1742, 15039, 15036, 15038, 14973, 1705, 14897, 1687, 1681, 14875, 14912, 14922, 14926, 14871, 14869, 14816, 1659, 1662, 14833, 1644, 14790, 14808, 14700, 14678, 1607, 1601, 1600, 1605, 1617, 1618, 14721, 1919, 15518, 15464, 15462, 15470, 15489, 15478, 15481, 15517, 1877, 15345, 15320, 15318, 1841, 15296, 15311, 1857, 1858, 15367, 15292, 15247, 1819, 1803, 15198, 1809, 15235, 15289, 15119, 15101, 15146, 15089, 15126, 15182, 1799, 20342, 20296, 3659, 3643, 20314, 3664, 20311, 20340, 3637, 3625, 3609, 20170, 20149, 20146, 20162, 20194, 20197, 3599, 3598, 20086, 20081, 20038, 20107, 20102, 3585, 20141, 19960, 19937, 3527, 3521, 3520, 3525, 3537, 19962, 19977, 20788, 20732, 3819, 3803, 3826, 20746, 20747, 20678, 20613, 20588, 20579, 20564, 3760, 20576, 3777, 20620, 20560, 20556, 20515, 20491, 20482, 3720, 3725, 20504, 3738, 20522, 19525, 19524, 19481, 19467, 3361, 3367, 19493, 19547, 19585, 19665, 3424, 19609, 19607, 19642, 19646, 19651, 19706, 19761, 19749, 19748, 3445, 3440, 19710, 19721, 19726, 19746, 19799, 19907, 3505, 3504, 3484, 19812, 19855, 3500, 19909, 3519, 19105, 3218, 19089, 3205, 3200, 19045, 3207, 19065, 19087, 19193, 19172, 19161, 3242, 3253, 19203, 19244, 19249, 19304, 19292, 19291, 19264, 19283, 19274, 3282, 19262, 19307, 19325, 19327, 3313, 22072, 22073, 22016, 22027, 4306, 22034, 4305, 22070, 21890, 21873, 21862, 21847, 4240, 4245, 21894, 21895, 21912, 21840, 21838, 21791, 4219, 21794, 4226, 21798, 4225, 4237, 21735, 21696, 21654, 21649, 4161, 4160, 4165, 21673, 21677, 22513, 22509, 22448, 22427, 22401, 22470, 22463, 22468, 22507, 22384, 22331, 4409, 22307, 4401, 22289, 22304, 22334, 22336, 22346, 22286, 4381, 22278, 4395, 22204, 22229, 4378, 22243, 21257, 21256, 4005, 21214, 21217, 21232, 21237, 21253, 21305, 4077, 21386, 21338, 4047, 21320, 21353, 4060, 21421, 21422, 21468, 21465, 4085, 4080, 21429, 21440, 21445, 21460, 21516, 4157, 4145, 21586, 4146, 4123, 4139, 4140, 21622, 4159, 20839, 20836, 20807, 3840, 20795, 20813, 20818, 20860, 3877, 20996, 20955, 3904, 20958, 3883, 3899, 20945, 20997, 21002, 21043, 21041, 3925, 21003, 3921, 21015, 3929, 21036, 21206, 21178, 3991, 21191, 23919, 4998, 4980, 4979, 4963, 23829, 23842, 23863, 24035, 23997, 23953, 23936, 23933, 23982, 5020, 24039, 5039, 24118, 24100, 5057, 24058, 5040, 24047, 24067, 24074, 5056, 24154, 24219, 24193, 5084, 24175, 24225, 24228, 5118, 24279, 23443, 23435, 23433, 23396, 23382, 23385, 4807, 23410, 23448, 23580, 4865, 4849, 23504, 4843, 23545, 23546, 23587, 23649, 23631, 23627, 4885, 23593, 23594, 4887, 23611, 23625, 23739, 4929, 23701, 23700, 23753, 4940, 23811, 36215, 9478, 36168, 36167, 36173, 9466, 36127, 36183, 9477, 36316, 36285, 36240, 36235, 36223, 36219, 36231, 9497, 36267, 36278, 35323, 35318, 35282, 9120, 35269, 35288, 9129, 9145, 35369, 35435, 35397, 35388, 35385, 35405, 35422, 35425, 35466, 35516, 9217, 35486, 35471, 35472, 35492, 35494, 35511, 35564, 35684, 35649, 35589, 35585, 35620, 35639, 9278, 35689, 8983, 34870, 8977, 34843, 8960, 8961, 34846, 34852, 34866, 8997, 35038, 34999, 34998, 9026, 34993, 34980, 34986, 35041, 35102, 9058, 35084, 35070, 35047, 9041, 35062, 35064, 35080, 35144, 35258, 9111, 35244, 37966, 37965, 37918, 37913, 10083, 37933, 10104, 37929, 37906, 38009, 10129, 37982, 37978, 10133, 38019, 38068, 38074, 38135, 10177, 38094, 38079, 38080, 38099, 38106, 38151, 38177, 38278, 38246, 38208, 38196, 38194, 10219, 38233, 10238, 10239]
input26.txt testing...
Timed out - killing 64758
input27.txt testing...
Timed out - killing 64760
input28.txt testing...
[1971, 1978, 1969, 1996, 1997, 1959, 1958, 1957, 1956, 1955, 22447, 22443, 1949, 1930, 22444, 22448, 22575, 2067, 2066, 2065, 2064, 22556, 2050, 2041, 2040, 2049, 2076, 2077, 2039, 2038, 2037, 2036, 22547, 2018, 2016, 2003, 2010, 22526, 2020, 2021, 2341, 2340, 22837, 2330, 22850, 2336, 2338, 22854, 2356, 2357, 2358, 2359, 2397, 2396, 2369, 22858, 2361, 2363, 22873, 22881, 2385, 2386, 22883, 22765, 2260, 2257, 2250, 22771, 22760, 2258, 2275, 2276, 22779, 22781, 22814, 2316, 22790, 2280, 2281, 2283, 2294, 22816, 2501, 2500, 22998, 22991, 2483, 2496, 2498, 2515, 2516, 2517, 2518, 2519, 23053, 2556, 2529, 2520, 2521, 23022, 23024, 23038, 2553, 2546, 2547, 22919, 2420, 2417, 2410, 22928, 2416, 22916, 22939, 2436, 2437, 2438, 2439, 2477, 2476, 2449, 2440, 2441, 2443, 2454, 2455, 22980, 22340, 22309, 1803, 1801, 1800, 1809, 22336, 1837, 22296, 1798, 22295, 1796, 1795, 1778, 1776, 1789, 22264, 1777, 22276, 1907, 1906, 1905, 22416, 1894, 1883, 1881, 22390, 22398, 1916, 22427, 1879, 22388, 1877, 22385, 22384, 1858, 22361, 22362, 22353, 22364, 1860, 22368, 22175, 1652, 1643, 1641, 1640, 1649, 1676, 1677, 1639, 1638, 1637, 1636, 1635, 22111, 22108, 22093, 1610, 1617, 22115, 1621, 1747, 1746, 1753, 1743, 22241, 1730, 1721, 1720, 1729, 1756, 22250, 1719, 1718, 1717, 1716, 1715, 1698, 22187, 22205, 1690, 1697, 1700, 1701, 21886, 1380, 1377, 1370, 21867, 1376, 21883, 1395, 1396, 1397, 1398, 1399, 1437, 1436, 21912, 21921, 21915, 21913, 1430, 1423, 21932, 1426, 1427, 21805, 21804, 1290, 21789, 1288, 1313]
input29.txt testing...
[0, 20481, 20507, 20504, 5, 32, 20550, 56, 55, 54, 52, 50, 49, 48, 63, 20542, 74, 53, 67, 68, 148, 147, 133, 154, 20610, 20597, 129, 130, 132, 134, 135, 136, 20617, 112, 85, 98, 20558, 101, 102, 90, 92, 94, 20566, 96, 113, 193, 176, 20635, 174, 172, 170, 20644, 181, 20625, 164, 165, 192, 20694, 216, 215, 214, 212, 210, 20669, 20667, 20686, 234, 213, 227, 228, 308, 307, 293, 20736, 300, 20740, 20756, 20747, 290, 20750, 20752, 295, 296, 313, 272, 245, 277, 20731, 269, 20716, 20707, 252, 254, 255, 20712, 273, 22211, 1838, 1839, 1828, 22194, 22193, 22164, 1791, 1790, 1789, 1763, 22167, 22155, 1762, 1785, 22162, 22169, 22290, 1916, 22276, 22258, 22267, 22255, 1901, 22245, 1871, 1870, 1869, 1843, 1840, 1841, 1842, 1865, 22239, 22248, 1877, 1717, 1716, 22096, 22077, 1681, 1713, 1683, 1709, 1710, 1711, 22102, 22129, 1727, 1739, 1729, 22135, 22140, 1757, 1637, 1636, 1626, 22024, 1602, 1613, 1633, 22000, 22030, 1630, 1631, 1632, 1661, 1647, 1646, 1658, 1657, 22034, 1643, 1669, 22057, 1671, 21927, 21926, 21914, 1489, 21903, 1487, 1501, 21881, 21879, 21877, 21862, 1473, 1453, 1442, 1465, 1466, 1476, 1477, 21996, 1596, 1586, 21987, 1569, 21978, 1567, 1581, 1552, 1551, 1550, 1549, 1523, 21955, 1521, 1528, 21936, 21948, 1556, 21958, 1397, 21819, 21809, 1369, 1368, 21782, 1393, 21784, 1389, 1390, 1391, 1392, 1421, 1407, 1419, 1409, 21843, 1436, 1437, 1317, 1316, 1306, 1305, 1282, 1293, 1313, 1283, 21737, 1310, 1311, 21741, 21759, 1326, 1338, 1337, 1320, 21753, 21773, 1350, 1351, 1352, 1992, 1991, 1990, 1989, 1963, 1960, 1977, 22348, 1966, 22335, 1981, 1952, 1951, 22322, 22320, 1923, 22293, 22297, 22308, 1929, 22316, 1956, 1957, 2077, 2076, 22434, 2049, 2059, 22417, 2061, 22402, 2031, 2030, 22399, 2003, 22403, 2013, 22367, 2025, 2026, 2036, 22409, 22560, 2196, 22550, 22549, 22528, 22537, 2193, 2163, 2189, 22554, 2191, 2192, 2221, 2207, 2219, 22575, 22583, 2238, 22591, 22488, 2116, 2106, 2105, 22452, 2093, 22482, 22453, 2109, 2110, 2111, 2112, 22508, 2127, 2139, 2129, 22513, 22521, 22523, 22665, 2311, 2310, 22663, 2292, 22638, 2285, 2286, 2287, 2301, 2272, 2271, 2270, 22624, 22608, 2254, 22606, 2242, 2265, 2266, 2276, 22632, 22745, 22743, 22733, 22715, 2379, 2367, 2381, 2352, 2351, 2350, 22692, 22682, 2320, 2321, 22672, 2345, 2346, 2356, 2357, 22854, 2516, 22845, 22826, 22822, 22851, 22823, 22848, 22849, 22850, 22876, 22863, 2540, 22885, 22895, 2557, 2437, 2436, 2426, 2425, 2402, 2413, 2433, 2403, 2429, 22769, 2431, 22803, 22783, 2459, 22801, 2468, 22821, 22819, 25345, 5038, 25347, 5028, 5020, 25327, 25315, 25299, 4991, 4990, 4989, 25270, 25301, 25279, 4962, 4985, 4986, 4996, 25305, 25415, 5116, 5106, 5107, 5089, 25401, 5087, 25403, 25376, 5071, 5070, 25372, 5043, 5073, 5041, 5048, 25356, 5066, 25380, 5077, 25221, 25219, 25212, 4889, 4898, 4897, 4880, 4883, 4909, 4910, 4911, 25216, 25249, 25232, 25248, 4940, 4948, 4959, 4958, 4957, 4837, 4836, 4826, 4825, 4802, 25124, 4833, 4803, 4829, 4830, 4831, 4832, 4861, 4847, 25157, 4858, 25169, 25150, 4843, 25177, 25179, 4871, 4872, 4717, 4718, 25024, 4700, 24999, 25017, 4672, 4671, 4670, 4669, 4643, 4673, 24950, 24972, 4649, 4667, 24988, 24989, 4797, 25116, 4799, 25106, 25100, 25089, 4781, 25071, 25054, 25052, 25050, 25043, 4745, 4746, 25072, 4757, 4597, 4596, 24897, 4585, 24874, 24885, 4593, 4563, 4589, 4590, 4591, 24900, 24927, 4628, 4639, 4638, 24946, 4517, 24829, 4506, 24815, 24825, 4493, 4513, 4483, 24818, 4510, 4511, 4512, 24842, 4526, 24840, 4524, 24848, 24863, 4550, 4551, 24864, 3912, 3911, 3910, 3909, 24227, 3884, 3885, 3886, 3887, 24237, 3872, 3871, 3870, 3869, 24183, 24179, 3841, 3842, 24201, 3866, 24213, 24332, 3996, 3986, 24301, 3979, 3967, 24317, 3951, 3950, 24281, 3935, 3934, 3933, 3922, 3945, 3946, 3956, 3957, 4117, 4116, 4106, 24442, 4082, 4081, 24451, 24423, 4109, 4110, 24449, 24450, 4141, 24466, 4139, 4140, 24490, 24502, 24501, 4157, 4037, 24370, 4026, 4025, 4002, 4013, 4033, 4003, 4029, 4030, 4031, 24364, 24398, 24380, 24395, 24397, 24405, 24415, 24417, 4232, 4231, 4230, 4229, 24558, 4204, 4205, 4206, 24552, 4221, 4192, 4191, 24532, 4189, 4163, 24536, 4161, 24514, 4169, 4187, 24542, 24543, 24652, 24651, 24644, 24632, 24637, 4287, 4301, 4272, 4271, 4270, 4269, 4243, 4240, 4241, 4242, 4265, 4266, 24616, 24617, 4437, 4436, 24757, 4425, 4402, 4401, 4433, 4403, 4429, 4430, 4431, 4432, 24786, 4447, 24784, 24792, 4466, 4476, 24802, 4357, 24687, 4346, 4345, 4322, 4333, 24681, 4323, 4349, 4350, 4351, 4352, 24715, 4367, 24713, 4380, 24720, 4386, 24727, 4397, 2833, 2816, 2815, 2814, 2812, 2810, 2822, 2829, 2836, 2837, 2805, 2832, 23212, 2856, 2855, 2854, 2852, 2850, 2849, 2848, 2863, 23180, 2874, 23191, 2867, 23204, 2788, 2787, 2773, 2794, 23132, 2783, 2768, 23110, 2770, 2772, 2774, 23120, 2776, 23139, 23070, 2725, 2724, 2756, 2749, 2742, 2730, 2732, 2734, 2735, 23083, 2753, 2673, 2656, 2655, 23012, 23245, 23238, 2892, 2890, 2902, 23256, 2916, 2917, 23227, 2912, 2953, 2936, 23286, 2934, 2932, 2930, 23281, 23279, 23276, 2921, 2954, 2933, 2947, 2948, 3028, 3027, 3013, 3034, 3024, 23369, 3008, 3009, 3010, 3012, 23363, 23365, 3016, 23375, 2992, 23320, 2997, 23352, 2989, 2982, 23325, 2972, 2974, 2975, 2976, 2993, 23414, 23398, 3055, 3057, 3697, 3695, 3696, 3713, 23966, 3616, 3615, 3614, 3612, 3610, 23957, 23955, 3603, 23938, 23939, 3632, 24012, 3656, 23988, 23987, 3652, 3650, 3649, 23980, 3641, 3640, 23984, 3667, 24005, 3588, 3587, 3573, 3560, 23918, 23899, 3567, 23907, 3570, 23909, 23911, 23913, 23925, 3552, 23859, 3524, 23858, 3541, 3542, 23861, 3532, 23867, 3539, 23633, 3295, 3296, 23651, 23728, 23714, 3375, 3374, 3372, 3370, 23718, 3389, 23731, 3364, 3365, 23727, 3433, 3416, 3415, 3414, 23750, 3410, 3409, 3408, 3423, 23762, 23776, 3413, 3427, 23766, 3508, 3507, 3493, 23818, 23819, 3503, 3488, 23829, 3490, 3492, 23832, 3495, 23834, 3513, 23812, 3445, 23787, 23786, 3461, 23800, 3450, 3452, 3454, 3455, 3456, 23813, 6017, 6015, 6014, 6012, 6010, 6009, 26299, 26278, 6004, 26281, 6032, 6073, 6056, 6055, 26325, 6052, 6050, 6062, 6061, 6042, 6041, 26317, 6053, 6067, 6068, 5988, 26260, 5973, 5994, 5984, 5983, 5968, 26239, 26242, 26244, 5974, 5975, 5976, 26268, 5952, 5925, 5924, 26197, 5941, 5942, 26201, 5932, 5934, 5935, 26206, 26224, 5873, 5856, 5855, 5857, 26365, 26363, 26361, 6092, 6090, 6102, 6101, 6083, 26366, 26353, 6112, 26419, 6136, 6135, 6134, 6132, 26406, 26403, 6128, 6143, 6144, 6154, 6133, 6147, 6148, 6228, 6227, 6213, 6200, 26484, 6202, 26486, 6222, 6210, 6212, 6214, 26479, 6216, 6233, 26454, 6165, 26463, 26460, 6189, 6182, 6170, 6172, 6174, 26438, 6176, 6193, 6273, 6256, 26518, 26523, 5617, 25902, 5616, 5633, 25840, 5536, 25822, 5534, 25816, 25814, 25828, 5541, 5523, 5524, 5525, 5552, 25883, 5576, 5575, 5574, 5572, 5570, 5582, 5581, 25850, 25849, 5594, 5573, 5587, 25877, 25788, 25787, 5493, 25757, 25759, 25758, 5487, 5489, 5490, 5492, 5494, 5495, 25776, 25797, 25747, 5445, 5477, 5476, 5469, 25738, 5450, 5452, 5454, 25733, 25504, 5215, 5216, 5233, 5313, 25569, 25567, 5294, 5292, 5290, 5302, 25573, 5283, 5284, 5285, 5312, 25630, 5336, 5335, 25605, 5332, 5330, 5342, 25612, 5322, 5321, 5354, 5333, 5347, 25625, 5428, 25709, 5413, 5400, 25714, 5423, 25688, 5409, 25689, 5412, 25694, 5415, 5416, 5433, 25640, 25654, 25639, 5381, 5382, 5370, 5372, 5374, 25649, 25651, 5393, 6957, 6958, 27201, 6940, 6939, 27176, 6912, 6911, 27163, 6909, 27138, 6913, 27137, 27146, 6905, 6906, 6916, 27168, 27276, 27275, 7026, 7027, 27250, 7019, 27248, 27239, 6991, 6990, 6989, 27211, 6993, 27210, 6962, 6985, 6986, 6996, 27244, 6837, 6836, 6826, 6825, 6802, 6813, 6833, 6803, 6829, 6830, 6831, 27097, 6861, 6847, 6859, 6849, 6867, 27133, 6877, 27019, 6756, 6746, 6745, 26990, 26987, 26985, 26999, 6749, 6750, 6751, 6752, 6781, 27033, 6766, 27031, 6764, 27041, 6789, 27058, 27060, 26902, 26903, 6639, 6628, 6620, 6619, 26876, 26890, 6592, 6591, 6590, 6589, 6563, 26866, 26837, 6568, 26857, 26859, 26869, 6717, 6718, 26970, 6700, 6699, 6687, 6701, 6672, 6671, 6670, 6669, 6643, 26905, 6641, 6642, 26923, 26924, 6676, 26935, 26793, 26792, 26781, 6505, 6482, 6493, 6494, 26763, 26784, 6511, 6512, 6541, 26805, 26817, 6548, 26834, 6558, 26832, 26707, 6436, 26697, 26696, 26675, 6417, 6400, 26669, 6429, 6430, 6431, 6432, 26728, 6447, 6446, 6445, 26712, 6452, 26739, 6470, 26741, 6472, 27356, 7111, 7110, 7109, 7083, 7080, 7097, 7098, 7099, 27333, 27314, 7071, 7070, 7069, 7043, 7073, 27280, 7042, 7065, 27309, 7076, 7077, 7197, 7198, 27418, 7180, 7179, 7167, 27414, 7152, 27388, 27387, 7149, 7123, 27363, 27365, 27373, 27383, 27391, 27393, 27553, 27551, 7306, 7305, 7282, 7281, 27549, 7283, 7309, 7310, 7311, 7312, 7341, 27560, 7340, 27580, 7358, 7357, 7237, 7236, 27453, 27438, 7208, 7201, 7233, 7203, 27457, 27459, 27462, 7261, 27475, 27488, 27498, 27497, 27510, 27507, 7432, 7431, 7430, 27654, 7403, 7400, 7417, 27643, 7419, 7407, 27646, 7392, 7391, 7390, 7389, 7363, 27623, 27594, 27603, 7385, 27616, 7396, 7397, 27740, 7516, 7506, 7507, 27713, 27726, 7487, 27701, 7471, 7470, 27696, 7452, 27668, 27671, 27683, 27675, 27693, 7476, 7477, 27860, 7636, 7626, 7625, 27832, 7617, 7600, 7603, 27847, 7630, 7631, 27852, 7661, 7647, 27882, 7649, 7667, 7666, 7676, 7677, 7557, 7556, 27764, 27753, 7538, 7537, 27744, 27746, 27765, 7550, 27769, 27770, 7581, 7567, 27803, 7569, 27812, 27823, 27822, 10157, 10156, 30322, 30310, 30316, 30309, 10141, 10112, 10111, 30294, 10109, 30267, 10080, 30277, 10098, 10089, 30288, 30302, 10117, 30400, 30399, 10227, 10209, 10219, 10207, 10221, 10192, 10191, 10190, 30361, 30338, 10160, 30335, 30343, 30359, 10196, 10197, 10037, 10038, 30211, 10020, 10019, 30193, 10021, 16273, 16256, 36239, 36237, 16252, 16250, 16262, 16269, 16276, 16277, 16245, 36255, 36292, 16296, 16295, 36277, 16292, 16290, 36273, 16287, 16282, 36266, 16280, 16293, 16307, 16308, 16228, 16227, 16213, 36189, 16201, 36190, 16207, 16209, 36198, 16212, 16214, 16215, 16216, 16233, 36160, 16165, 16164, 16196, 16189, 16182, 36162, 16172, 36166, 16175, 16176, 16193, 16113, 36091, 16095, 16097, 36310, 36309, 16334, 16332, 16330, 16342, 36322, 16356, 36302, 16325, 16352, 36367, 16376, 36344, 16374, 16372, 16370, 16369, 36337, 16362, 16361, 16360, 16373, 16387, 16388, 36444, 16467, 16453, 16474, 16441, 36439, 16447, 36425, 36426, 16452, 16454, 16455, 16456, 16473, 36410, 16405, 16404, 16403, 16421, 36399, 16410, 16412, 16414, 16415, 16416, 36411, 16513, 36474, 16495, 36476, 15857, 35841, 15856, 15873, 15793, 15776, 15775, 15774, 15772, 15770, 35771, 15789, 15796, 35753, 15765, 35757, 15833, 15816, 35799, 15814, 15812, 15810, 35793, 15807, 15802, 15801, 15800, 35795, 15827, 35816, 15748, 15747, 15733, 15754, 15721, 15743, 35724, 35726, 15730, 15732, 15734, 15735, 15736, 15753, 15712, 15685, 35672, 35671, 15701, 35699, 35681, 35685, 15694, 35689, 35693, 15457, 15455, 15456, 35473, 15553, 15536, 15535, 15534, 15532, 15530, 15529, 35542, 15523, 15524, 35525, 35550, 15593, 15576, 15575, 15574, 15572, 15570, 15582, 15581, 15562, 15561, 15594, 15573, 15587, 35587, 15668, 15667, 15653, 15640, 15641, 15663, 15648, 35644, 35646, 15652, 15666, 35649, 15656, 35662, 15632, 15605, 15637, 15636, 15629, 15622, 15610, 15612, 15614, 15615, 15616, 15633, 17197, 17196, 37188, 17169, 37178, 17167, 37179, 17152, 17151, 17150, 17149, 17123, 37119, 37122, 17122, 17145, 17146, 37153, 17157, 17277, 37269, 17266, 37260, 17249, 37248, 17247, 37253, 37224, 37222, 17230, 17229, 17203, 17233, 17213, 37200, 17225, 37219, 37229, 17237, 17077, 17076, 17066, 17065, 17042, 17041, 37045, 37046, 17069, 17070, 17071, 37096, 37079, 17099, 17100, 37101, 17119, 17118, 37117, 37004, 16986, 16985, 16962, 16973, 16993, 36974, 16989, 16990, 16991, 16992, 37025, 17007, 17006, 37013, 17004, 37012, 37010, 37033, 17030, 17031, 37035, 16877, 16878, 36879, 16860, 16859, 16847, 16861, 36836, 16831, 36835, 16829, 16812, 36802, 36804, 36824, 36810, 16827, 36842, 36843, 16957, 16956, 16946, 16947, 16929, 16939, 16927, 16941, 16912, 16911, 16910, 36926, 16883, 16880, 16881, 16882, 16905, 16906, 36935, 16917, 36760, 36761, 36750, 36730, 36729, 16737, 16720, 16723, 16749, 16750, 16751, 36753, 16781, 16767, 16779, 36774, 36788, 36799, 16797, 16677, 16676, 16666, 16665, 16642, 16641, 16673, 36638, 16669, 16670, 16671, 36669, 16701, 16687, 16686, 16685, 36682, 16692, 36709, 16710, 16711, 16712, 17352, 17351, 17350, 17349, 17323, 37315, 17337, 37334, 17326, 37322, 17312, 17311, 17310, 17309, 37273, 37309, 17293, 17282, 37298, 37299, 17316, 17317, 17437, 17436, 37405, 17409, 17419, 17407, 17421, 37380, 37378, 17390, 17389, 17363, 17393, 17373, 17362, 17385, 17386, 17396, 17397, 37537, 17556, 17546, 17545, 17522, 37501, 17520, 17523, 17549, 37528, 17551, 17552, 17581, 17567, 17579, 17569, 37562, 17596, 37570, 17477, 17476, 17466, 17465, 37429, 17441, 17473, 17443, 17469, 37455, 17471, 17472, 37476, 17487, 17499, 37474, 17508, 17519, 37498, 17671, 17670, 37645, 37620, 17640, 17644, 37624, 37626, 17647, 37634, 17632, 17631, 37607, 37604, 37576, 17633, 17613, 17602, 17625, 37600, 37613, 17637, 37739, 37740, 37730, 17740, 37721, 37708, 37687, 17711, 17710, 37686, 17683, 17713, 17693, 17682, 17705, 17706, 17716, 37695, 37859, 17866, 17865, 37826, 17853, 17854, 37841, 37857, 37885, 37869, 17899, 17889, 37892, 37891, 17916, 17917, 37783, 17796, 17786, 17785, 17762, 37745, 37744, 37749, 17789, 37777, 17791, 17792, 17821, 17807, 37804, 17809, 17827, 37817, 37818, 40339, 40337, 20387, 40317, 20379, 20367, 20381, 20352, 20351, 40300, 20349, 40283, 20353, 20333, 40282, 20345, 20346, 20356, 40308, 20477, 20478, 20479]
input3.txt testing...
input30.txt testing...
[0, 9, 27, 28, 20503, 110, 97, 88, 87, 95, 20577, 101, 20575, 157, 156, 20581, 123, 122, 129, 147, 148, 149, 20687, 20676, 208, 207, 20675, 238, 221, 237, 197, 20653, 164, 192, 179, 20644, 187, 20647, 20648, 270, 257, 248, 247, 256, 260, 20717, 20733, 20779, 316, 20742, 20741, 20761, 306, 307, 308, 20771, 909, 908, 907, 889, 881, 21324, 904, 21330, 897, 21349, 829, 828, 827, 826, 802, 21252, 21253, 21274, 837, 21318, 861, 21295, 21286, 848, 21296, 21311, 789, 21240, 787, 786, 21227, 792, 764, 21249, 796, 797, 21205, 21203, 758, 21185, 727, 21176, 737, 21198, 669, 668, 667, 666, 659, 672, 644, 678, 676, 21123, 717, 701, 21167, 684, 683, 21128, 21135, 680, 703, 713, 21165, 1269, 1268, 21702, 1259, 21707, 21681, 1276, 1277, 1237, 1221, 21660, 21649, 1217, 1230, 1149, 1148, 1147, 1129, 1122, 1123, 1124, 21597, 21596, 1157, 21637, 1196, 21639, 1176, 1167, 1171, 1177, 1190, 1109, 1108, 1107, 1106, 21545, 1112, 21560, 1116, 1117, 21514, 21513, 21516, 1056, 21487, 1057, 21506, 989, 988, 21424, 979, 21405, 964, 998, 21420, 21436, 21477, 21476, 21446, 1003, 1002, 21449, 21440, 1023, 1033, 1034, 23244, 2833, 23236, 2829, 2839, 3634, 3633, 3627, 3606, 24020, 23990, 3608, 3620, 3611, 3637, 3624, 24059, 3656, 3655, 24034, 3674, 3675, 24058, 3570, 3564, 3565, 3591, 3561, 3572, 3599, 3530, 3524, 3523, 23918, 3528, 3529, 3538, 3698, 3689, 3688, 24069, 3712, 24073, 3759, 3732, 24103, 24105, 3723, 3724, 3730, 24233, 24232, 3838, 24203, 3815, 3816, 3837, 24176, 3797, 24166, 24162, 24155, 24157, 3777, 24193, 3789, 23710, 3314, 3313, 3307, 23684, 3285, 3282, 3281, 3287, 3291, 23715, 23755, 3336, 3335, 23732, 3326, 3354, 23752, 3356, 3250, 3244, 3243, 3242, 3241, 3252, 3279, 3210, 23631, 3207, 23613, 3209, 3218, 23775, 23769, 3368, 3367, 23785, 3364, 3370, 3439, 23804, 3401, 3400, 23795, 23821, 3419, 23802, 3515, 3514, 23908, 3487, 3495, 3496, 23893, 23868, 23839, 23834, 23831, 23833, 3457, 3478, 3469, 3479, 4754, 4753, 4747, 25038, 25066, 25034, 4721, 4727, 4731, 25069, 4744, 4797, 4776, 25087, 4767, 4766, 4794, 4795, 25001, 24992, 24993, 4711, 4681, 4692, 4719, 24963, 4672, 4647, 24961, 4649, 4658, 24837, 24831, 4488, 4514, 4512, 4484, 4490, 4559, 4532, 4521, 4551, 4525, 4524, 4530, 24949, 24947, 24920, 4607, 4615, 4616, 4637, 4584, 4597, 4571, 24895, 4568, 24878, 4595, 24885, 4587, 4593, 4594, 5079, 25378, 25354, 5045, 5042, 5041, 5047, 5051, 5077, 25372, 25408, 25407, 25396, 5086, 5114, 5115, 5116, 5010, 5004, 5005, 5031, 5001, 5012, 25350, 4970, 4964, 4963, 25280, 4968, 4969, 25290, 4818, 4809, 4808, 4807, 4832, 25121, 4879, 4852, 25155, 4842, 4843, 25186, 4850, 25266, 25264, 4958, 25239, 4935, 4936, 4957, 25229, 4890, 4889, 4883, 4884, 4897, 25230, 4908, 4913, 25226, 24489, 4109, 4108, 4113, 4114, 38737, 18756, 18754, 18753, 18742, 38724, 18740, 38713, 18721, 18720, 18733, 18729, 18734, 38759, 18775, 18763, 18760, 38741, 18767, 18780, 18781, 38767, 18793, 18794, 18796, 18797, 18831, 18811, 18805, 18804, 18820, 18821, 18822, 18833, 18834, 18836, 38809, 38673, 18676, 18674, 38671, 18662, 18661, 18660, 38635, 18641, 18640, 18643, 18655, 18654, 18694, 18689, 18683, 38675, 18681, 38679, 18690, 38688, 38691, 39026, 39021, 39020, 19073, 19062, 39003, 39002, 38989, 19041, 19040, 19053, 19049, 19054, 19094, 19089, 19093, 39028, 39030, 19087, 19100, 19101, 39049, 39062, 19114, 39066, 19117, 19151, 39083, 39077, 19124, 19140, 39094, 19142, 39105, 19154, 39108, 19157, 18997, 18996, 18994, 18993, 18982, 38927, 18980, 38910, 18966, 38935, 38920, 18969, 18974, 38954, 38947, 38952, 19000, 19001, 19002, 19010, 19028, 19019, 18237, 38218, 18234, 18233, 18222, 18221, 18220, 18207, 18201, 18200, 18213, 18209, 18214, 18174, 18169, 18163, 18160, 38141, 18167, 18180, 18181, 18182, 18193, 38176, 18196, 38180, 18037, 18036, 18034, 18033, 37999, 18021, 18020, 18004, 18001, 18000, 37977, 18009, 37989, 38031, 18049, 18043, 18040, 18041, 18042, 38024, 18068, 18059, 18437, 18436, 18434, 38422, 18422, 18421, 18420, 18407, 18401, 18400, 18403, 18409, 18414, 38440, 18455, 18443, 18440, 18441, 18447, 18460, 18461, 18462, 18473, 38455, 38456, 38457, 38496, 38474, 38467, 18484, 38481, 18501, 18502, 38499, 18514, 18516, 38504, 18357, 18356, 38340, 18353, 38325, 18341, 18340, 18327, 18321, 38297, 38309, 18329, 18334, 18374, 18369, 18363, 18360, 38348, 38356, 38358, 18376, 38369, 20157, 20156, 20154, 20153, 20142, 20141, 40122, 40112, 20121, 20120, 20123, 40115, 20134, 20094, 20095, 20083, 20080, 40064, 20084, 40082, 20101, 20102, 40098, 40100, 20116, 40102, 19957, 19956, 19954, 39942, 39930, 39928, 39933, 19924, 19926, 19949, 39920, 19929, 19934, 39963, 19975, 19963, 19960, 39948, 19962, 19970, 19988, 19979, 20357, 20356, 40336, 40333, 40322, 40321, 20340, 20327, 20321, 40298, 40299, 40306, 20334, 40352, 20375, 20363, 20360, 40340, 20364, 20380, 20381, 20382, 20393, 40372, 40374, 40376, 40401, 40399, 20429, 20413, 20409, 20414, 40420, 40423, 20443, 20440, 20441, 20444, 20460, 40428, 40429, 20473, 20474, 20475, 20479]
input31.txt testing...
Timed out - killing 64807
input32.txt testing...
input33.txt testing...
Timed out - killing 64842
input34.txt testing...
Timed out - killing 64856
input4.txt testing...
input5.txt testing...
input6.txt testing...
input7.txt testing...
input8.txt testing...
input9.txt testing...

