11 10 1351
9432 13612.5 16254 23616 6830
regional : 342408, 1479, 669, 77.0, 151400, 4
regional : 119704, 891, -600, 85.58, 175600, 3
major : 388025, -759, 711, 51.81, 195750, 4
major : 906840, 2917, 1258, 49.39, 139500, 5
regional : 656485, 2126, 1920, 78.76, 110000, 4
regional : 258740, 438, -12, 91.08, 175000, 4
regional : 621416, 2366, -2506, 102.19, 168400, 4
major : 467311, 181, -860, 52.69, 186750, 6
regional : 904432, 2319, 904, 79.2, 155800, 3
major : 539994, 822, 417, 63.14, 248250, 3
economy : 6957613748, 188, 1, [258740, 467311]
economy : 3625072675, 160, 0, [656485, 119704]
economy : 8858081856, 113, 2, [388025, 342408]
business : 3621402824, 89, 10, [906840, 119704]
economy : 1740354835, 61, 3, [258740, 539994]
economy : 4547916404, 158, 0, [906840, 539994]
economy : 9475325719, 41, 9, [388025, 467311]
economy : 3549132800, 128, 2, [342408, 539994]
first : 2098773648, 194, 1, [539994, 906840]
first : 4034840419, 49, 2, [388025, 342408]
first : 4885283682, 51, 2, [342408, 467311]
first : 5655617117, 130, 1, [258740, 342408]
economy : 4088994561, 49, 2, [467311, 904432]
economy : 9326485934, 85, 2, [388025, 467311]
economy : 7788223391, 156, 0, [906840, 388025]
business : 2941753089, 122, 1, [904432, 656485]
economy : 4028808553, 138, 2, [621416, 467311]
luxury : 2997441658, 128, 4, [258740, 539994]
economy : 6771348325, 180, 0, [656485, 467311]
business : 4524144938, 198, 2, [119704, 388025]
business : 6362700476, 56, 5, [539994, 621416]
business : 6661823787, 93, 8, [656485, 119704]
economy : 8804341661, 103, 5, [904432, 621416]
economy : 9261745407, 71, 1, [388025, 539994]
business : 2401741678, 108, 1, [258740, 342408]
economy : 5204087294, 64, 3, [467311, 119704]
economy : 3113315103, 150, 3, [119704, 258740]
economy : 6340416713, 141, 3, [342408, 906840]
business : 1966356207, 174, 0, [258740, 904432]
economy : 9330805255, 42, 2, [388025, 656485]
economy : 5540687223, 124, 1, [539994, 258740]
economy : 6908788248, 73, 2, [258740, 119704]
economy : 4815079080, 47, 2, [656485, 119704]
economy : 9138430477, 135, 0, [656485, 388025]
economy : 5176982822, 175, 1, [342408, 258740]
business : 4099963760, 49, 1, [467311, 388025]
economy : 5249311077, 101, 4, [342408, 119704]
economy : 9009920989, 56, 2, [258740, 539994]
economy : 1132752326, 164, 2, [258740, 656485]
business : 6590562460, 128, 1, [342408, 906840]
economy : 7618019916, 138, 0, [539994, 656485]
first : 9320510829, 88, 1, [906840, 119704]
business : 9761145267, 95, 1, [119704, 906840]
first : 7997383395, 140, 4, [621416, 119704]
economy : 2576346528, 196, 2, [119704, 342408]
business : 2568082414, 73, 1, [119704, 904432]
economy : 3564476397, 170, 2, [388025, 342408]
business : 9463440479, 146, 0, [342408, 258740]
economy : 8990700624, 152, 0, [258740, 656485]
economy : 2262979857, 87, 3, [906840, 621416]
economy : 4729543501, 167, 2, [388025, 258740]
economy : 2256238701, 75, 1, [342408, 119704]
first : 8775847110, 70, 1, [258740, 621416]
economy : 1191389263, 43, 0, [388025, 539994]
economy : 3518477199, 160, 3, [539994, 904432]
economy : 9777138566, 104, 0, [906840, 388025]
economy : 8176546065, 143, 2, [258740, 342408]
first : 7387197559, 154, 0, [467311, 621416]
economy : 5991132696, 154, 7, [906840, 904432]
first : 2042517692, 141, 5, [467311, 258740]
economy : 2564744583, 180, 1, [388025, 119704]
economy : 7013306147, 177, 1, [656485, 621416]
economy : 7544654640, 146, 2, [258740, 388025]
economy : 3534110208, 43, 1, [539994, 119704]
luxury : 1047970202, 181, 2, [467311, 388025]
business : 8409734967, 166, 3, [621416, 342408]
economy : 7455098533, 177, 3, [621416, 906840]
economy : 3797389708, 183, 2, [119704, 621416]
economy : 5892720034, 198, 1, [119704, 906840]
business : 9430120838, 132, 4, [119704, 388025]
economy : 6969178407, 55, 4, [906840, 621416]
economy : 5595811106, 59, 1, [342408, 388025]
business : 4062295288, 56, 0, [342408, 906840]
business : 9350022188, 154, 1, [258740, 388025]
economy : 8763634286, 156, 5, [258740, 656485]
economy : 4304593676, 157, 1, [906840, 656485]
economy : 7525400807, 174, 0, [539994, 906840]
economy : 4448451427, 60, 2, [656485, 388025]
business : 9022777073, 163, 3, [119704, 342408]
economy : 8115439937, 79, 5, [467311, 904432]
economy : 5956159154, 89, 2, [539994, 388025]
economy : 8946850074, 93, 0, [258740, 906840]
economy : 1933688774, 175, 1, [342408, 904432]
economy : 2828611047, 68, 4, [906840, 539994]
first : 4045455779, 122, 6, [258740, 388025]
economy : 6412415898, 109, 1, [904432, 906840]
first : 3314371235, 191, 1, [656485, 467311]
business : 6482019653, 94, 1, [621416, 904432]
first : 9316493413, 187, 6, [119704, 656485]
economy : 1741345826, 134, 1, [342408, 119704]
economy : 9960996633, 61, 2, [467311, 342408]
economy : 8344330631, 138, 1, [656485, 904432]
economy : 4060800583, 183, 0, [906840, 342408]
business : 5778757694, 170, 1, [388025, 258740]
luxury : 6606343463, 162, 0, [119704, 621416]
economy : 5068220498, 195, 0, [388025, 656485]
business : 4655240124, 63, 2, [388025, 119704]
economy : 6881071887, 82, 1, [258740, 904432]
economy : 3078839140, 80, 2, [467311, 539994]
economy : 1533802570, 200, 4, [539994, 119704]
economy : 2154191459, 182, 7, [119704, 342408]
economy : 1494319694, 116, 0, [258740, 388025]
economy : 5714897768, 59, 1, [467311, 119704]
economy : 4005530418, 168, 2, [258740, 467311]
first : 2070373751, 104, 9, [342408, 656485]
business : 8757101609, 102, 1, [467311, 342408]
first : 4487245807, 96, 0, [906840, 539994]
economy : 2322613944, 123, 1, [539994, 906840]
economy : 3942852584, 180, 0, [904432, 467311]
economy : 5836056292, 71, 0, [467311, 906840]
economy : 2766735042, 156, 0, [656485, 388025]
business : 6614420672, 185, 1, [904432, 467311]
economy : 4199781396, 137, 0, [342408, 539994]
economy : 2308425170, 142, 2, [621416, 539994]
luxury : 1716692997, 157, 2, [467311, 904432]
business : 1146540577, 61, 1, [342408, 388025]
economy : 2099605657, 131, 2, [621416, 388025]
economy : 2263994488, 56, 2, [539994, 467311]
economy : 8441849375, 43, 1, [539994, 904432]
economy : 9883568054, 140, 2, [656485, 467311]
economy : 7452835617, 128, 9, [258740, 906840]
economy : 1250957307, 155, 0, [388025, 539994]
economy : 1080233831, 130, 1, [342408, 467311]
business : 1093673588, 127, 1, [467311, 119704]
economy : 4472183160, 191, 1, [258740, 342408]
economy : 6880136901, 182, 1, [906840, 621416]
economy : 5141356675, 51, 0, [388025, 258740]
economy : 7677280845, 92, 2, [539994, 342408]
business : 8734278159, 149, 0, [342408, 906840]
business : 1141503976, 152, 3, [388025, 119704]
economy : 3758513908, 66, 5, [906840, 467311]
first : 4040540883, 142, 8, [119704, 621416]
first : 8660998363, 148, 4, [906840, 621416]
business : 6850955180, 140, 1, [539994, 906840]
economy : 5449281347, 144, 1, [621416, 258740]
first : 7908922729, 132, 3, [119704, 388025]
economy : 9160353522, 88, 2, [904432, 621416]
economy : 7750620875, 100, 0, [258740, 119704]
first : 9781768456, 94, 3, [467311, 388025]
first : 8753704677, 109, 5, [342408, 656485]
business : 9598357042, 97, 2, [388025, 119704]
business : 5054796579, 163, 3, [906840, 342408]
business : 8397885523, 186, 4, [906840, 621416]
first : 2541186904, 136, 1, [621416, 388025]
business : 4853752292, 103, 2, [906840, 342408]
luxury : 8521950124, 177, 1, [656485, 342408]
first : 2446279939, 81, 2, [621416, 388025]
economy : 6606139265, 127, 5, [342408, 904432]
first : 4878616636, 80, 0, [621416, 258740]
business : 2196713153, 66, 2, [656485, 906840]
economy : 7449366469, 158, 2, [904432, 621416]
economy : 7079417542, 90, 0, [656485, 258740]
economy : 1708423468, 126, 1, [388025, 119704]
economy : 3059418247, 44, 1, [258740, 904432]
business : 9705571872, 70, 0, [906840, 904432]
business : 1831143321, 56, 0, [388025, 342408]
economy : 3609731283, 126, 6, [656485, 906840]
business : 3512745190, 109, 4, [656485, 904432]
business : 4484679653, 188, 6, [119704, 258740]
economy : 2151373005, 129, 2, [539994, 467311]
first : 8290657925, 68, 6, [467311, 656485]
economy : 3463052384, 171, 3, [656485, 467311]
economy : 6613906565, 156, 4, [258740, 539994]
economy : 9978704511, 190, 3, [904432, 388025]
economy : 3124198135, 41, 2, [119704, 656485]
business : 2916795397, 145, 1, [621416, 467311]
economy : 5263581851, 168, 4, [258740, 539994]
economy : 5623381736, 134, 9, [906840, 656485]
economy : 5552058653, 185, 1, [467311, 621416]
economy : 8123580319, 104, 1, [904432, 467311]
economy : 2644601820, 58, 7, [621416, 906840]
economy : 7269024288, 181, 0, [539994, 388025]
economy : 3477423898, 70, 1, [342408, 388025]
economy : 9219455309, 179, 3, [656485, 258740]
first : 5705606768, 137, 2, [388025, 539994]
economy : 3609638570, 166, 1, [621416, 904432]
economy : 2945823160, 44, 2, [119704, 388025]
economy : 4443990709, 184, 3, [621416, 904432]
economy : 7892090704, 63, 1, [119704, 539994]
economy : 1198792719, 194, 0, [906840, 388025]
economy : 5590782796, 140, 1, [467311, 258740]
economy : 8775105527, 110, 1, [904432, 656485]
business : 6106691354, 176, 0, [388025, 656485]
economy : 7290091950, 47, 2, [621416, 467311]
business : 9391023260, 50, 1, [621416, 656485]
economy : 4914197908, 41, 2, [539994, 656485]
economy : 4432742180, 63, 0, [904432, 656485]
luxury : 9997727648, 196, 1, [656485, 904432]
business : 3169722753, 134, 3, [539994, 119704]
economy : 1445793188, 109, 2, [258740, 388025]
economy : 7809620263, 45, 5, [621416, 119704]
economy : 1578044978, 144, 4, [258740, 906840]
economy : 2651863886, 106, 1, [119704, 388025]
economy : 2107367443, 48, 4, [388025, 621416]
economy : 5299344679, 176, 7, [467311, 539994]
economy : 6978589580, 114, 3, [119704, 904432]
economy : 5293403859, 56, 0, [467311, 119704]
economy : 5981101227, 123, 2, [258740, 467311]
economy : 8262302913, 67, 1, [119704, 258740]
economy : 2067054089, 146, 0, [119704, 906840]
economy : 1733234401, 136, 2, [342408, 388025]
business : 4266604593, 148, 1, [342408, 388025]
business : 2045741440, 161, 5, [539994, 656485]
economy : 8005719171, 80, 2, [906840, 258740]
economy : 7897618833, 172, 1, [119704, 258740]
economy : 6727378212, 191, 1, [119704, 621416]
business : 6570234197, 55, 1, [621416, 656485]
economy : 7809579947, 77, 8, [539994, 904432]
economy : 9966326023, 128, 6, [539994, 467311]
economy : 4467239184, 60, 1, [904432, 467311]
economy : 1881302517, 45, 4, [388025, 621416]
business : 2589457436, 193, 1, [904432, 342408]
economy : 5762529028, 98, 3, [258740, 621416]
economy : 2804376188, 156, 4, [258740, 539994]
economy : 1910958950, 145, 2, [621416, 539994]
first : 5032211147, 64, 1, [621416, 467311]
first : 8204459992, 123, 1, [258740, 906840]
business : 3754890201, 45, 1, [656485, 621416]
economy : 5078380107, 169, 1, [656485, 119704]
economy : 1279816037, 98, 3, [258740, 119704]
economy : 4632060993, 72, 1, [342408, 388025]
economy : 7761216698, 134, 1, [621416, 388025]
economy : 3194318627, 40, 1, [539994, 904432]
economy : 4192123408, 124, 2, [467311, 904432]
economy : 7863711881, 54, 1, [906840, 119704]
economy : 4650057136, 146, 8, [906840, 467311]
business : 7403087764, 184, 2, [119704, 656485]
economy : 3763423466, 95, 2, [467311, 621416]
luxury : 7011828628, 157, 1, [467311, 656485]
economy : 5362880755, 135, 10, [904432, 621416]
economy : 3399721614, 43, 3, [119704, 906840]
economy : 4276844042, 42, 2, [258740, 539994]
economy : 1014320894, 181, 4, [342408, 258740]
economy : 7852984013, 93, 6, [388025, 621416]
economy : 6409091852, 122, 1, [119704, 656485]
economy : 3055584170, 117, 0, [621416, 539994]
economy : 5547957008, 144, 0, [621416, 904432]
economy : 2419579838, 50, 5, [119704, 904432]
economy : 3562205249, 200, 2, [388025, 119704]
economy : 1671247147, 172, 6, [621416, 467311]
luxury : 2591820147, 42, 0, [906840, 539994]
economy : 2238643851, 115, 7, [539994, 342408]
business : 7528420914, 118, 3, [258740, 388025]
business : 7882407611, 159, 0, [906840, 342408]
business : 3378274186, 75, 2, [388025, 539994]
business : 6939462990, 118, 2, [258740, 467311]
economy : 7085349222, 59, 5, [388025, 467311]
business : 1644092539, 168, 2, [388025, 906840]
economy : 2236372562, 151, 6, [906840, 388025]
first : 8890385153, 118, 0, [904432, 906840]
business : 4041455712, 55, 3, [342408, 388025]
business : 1595010206, 142, 2, [906840, 539994]
economy : 6137201524, 161, 1, [621416, 656485]
economy : 8040670096, 158, 2, [467311, 342408]
economy : 8229180451, 84, 2, [906840, 656485]
economy : 4086670921, 155, 5, [388025, 539994]
economy : 8066244654, 192, 0, [388025, 621416]
business : 2739798016, 189, 2, [904432, 539994]
economy : 3022201832, 165, 1, [467311, 906840]
business : 5268484359, 55, 8, [904432, 656485]
economy : 6597790874, 200, 1, [656485, 621416]
economy : 2442053048, 54, 9, [467311, 258740]
business : 9293434859, 102, 2, [906840, 904432]
economy : 4886876776, 137, 4, [656485, 904432]
economy : 8558527938, 155, 2, [467311, 539994]
economy : 2250808128, 177, 1, [906840, 904432]
economy : 9777029519, 179, 0, [656485, 342408]
first : 8179800115, 128, 1, [904432, 621416]
economy : 4928437699, 84, 0, [656485, 258740]
economy : 3052469583, 103, 1, [656485, 258740]
economy : 8830294488, 69, 2, [656485, 119704]
economy : 3547692438, 199, 1, [119704, 388025]
economy : 3444955951, 143, 0, [621416, 258740]
economy : 6979686631, 71, 0, [656485, 119704]
business : 2115037142, 149, 3, [621416, 904432]
economy : 8397068109, 189, 1, [904432, 539994]
business : 2273783947, 86, 2, [656485, 119704]
business : 8820919649, 106, 2, [467311, 119704]
business : 4969065401, 119, 0, [258740, 656485]
economy : 1131754696, 194, 5, [258740, 119704]
business : 5249628036, 122, 4, [904432, 119704]
economy : 7165161792, 129, 1, [904432, 539994]
economy : 9339627321, 122, 0, [621416, 388025]
economy : 1935848026, 62, 0, [656485, 906840]
economy : 7666091326, 195, 2, [342408, 467311]
economy : 6511474860, 183, 0, [539994, 656485]
economy : 2350186386, 137, 1, [388025, 539994]
business : 9599389259, 60, 0, [342408, 906840]
business : 5581843840, 196, 6, [119704, 906840]
economy : 4694812430, 55, 0, [906840, 467311]
business : 6866831137, 172, 2, [342408, 119704]
economy : 5899350857, 148, 0, [119704, 388025]
business : 9172752015, 114, 0, [258740, 904432]
business : 3839719854, 58, 2, [388025, 258740]
first : 3177015757, 188, 2, [388025, 904432]
economy : 9785675175, 133, 2, [467311, 388025]
business : 1189280843, 165, 1, [621416, 388025]
economy : 8567491994, 187, 7, [388025, 119704]
economy : 6158925902, 130, 2, [467311, 904432]
economy : 6424612741, 193, 0, [656485, 258740]
economy : 1218856886, 147, 2, [906840, 119704]
economy : 9285574476, 173, 1, [539994, 467311]
business : 8183556131, 147, 2, [388025, 904432]
economy : 8064488157, 164, 9, [258740, 906840]
economy : 9470553581, 198, 0, [656485, 906840]
economy : 6983638541, 120, 2, [467311, 258740]
economy : 8567370913, 83, 1, [621416, 656485]
economy : 6001350407, 88, 0, [258740, 656485]
economy : 7230352600, 42, 2, [388025, 119704]
business : 7521421234, 102, 1, [119704, 258740]
first : 7819411422, 189, 3, [258740, 467311]
economy : 2394036521, 75, 0, [342408, 904432]
economy : 5668120236, 122, 1, [342408, 388025]
economy : 8679504383, 76, 2, [119704, 467311]
business : 1079017601, 93, 3, [467311, 904432]
economy : 2139710800, 153, 4, [258740, 904432]
economy : 1296237123, 74, 0, [621416, 904432]
economy : 1406888217, 179, 2, [388025, 119704]
economy : 3206228754, 169, 0, [388025, 904432]
economy : 7851042307, 84, 0, [539994, 467311]
economy : 3179744411, 113, 3, [904432, 656485]
economy : 7539718214, 110, 1, [467311, 656485]
economy : 9569162312, 152, 1, [539994, 119704]
economy : 2160674002, 186, 1, [904432, 342408]
first : 1064391735, 88, 1, [906840, 258740]
economy : 5600099500, 109, 0, [906840, 621416]
economy : 3460731030, 198, 3, [906840, 388025]
economy : 4307988056, 100, 9, [467311, 388025]
luxury : 8090947146, 189, 1, [656485, 906840]
economy : 4732813372, 98, 1, [621416, 467311]
economy : 8072532648, 150, 0, [388025, 656485]
economy : 2353209088, 67, 1, [621416, 467311]
economy : 4709065006, 109, 1, [906840, 119704]
business : 8727048925, 78, 0, [539994, 342408]
first : 9556349680, 91, 1, [621416, 906840]
economy : 2268457645, 135, 4, [342408, 539994]
economy : 4029220696, 140, 0, [342408, 388025]
economy : 6068695902, 122, 2, [904432, 621416]
economy : 7673805695, 56, 1, [258740, 342408]
business : 9275177870, 131, 1, [388025, 656485]
economy : 9029595882, 100, 1, [258740, 904432]
business : 8053991639, 128, 1, [119704, 388025]
economy : 3448526812, 65, 0, [119704, 258740]
economy : 8270859110, 109, 2, [904432, 342408]
economy : 3364455560, 52, 2, [621416, 656485]
first : 9816479371, 195, 2, [342408, 388025]
business : 6431616695, 62, 2, [539994, 656485]
economy : 8977763016, 142, 8, [342408, 467311]
economy : 4560924460, 152, 10, [119704, 467311]
economy : 2555504899, 75, 4, [119704, 539994]
business : 7652530449, 57, 3, [906840, 904432]
business : 8214742675, 65, 2, [621416, 467311]
luxury : 2889096319, 175, 1, [656485, 467311]
business : 3907674724, 82, 0, [258740, 906840]
business : 5864313034, 119, 1, [258740, 656485]
economy : 5399795277, 42, 2, [467311, 388025]
economy : 7876513009, 89, 0, [539994, 656485]
business : 4606785174, 168, 1, [342408, 539994]
economy : 6004676097, 163, 3, [467311, 119704]
economy : 7011256109, 191, 0, [621416, 906840]
business : 6083941955, 114, 5, [621416, 258740]
economy : 1376685385, 94, 1, [904432, 656485]
economy : 5517260679, 54, 1, [621416, 656485]
business : 4915964813, 63, 3, [906840, 656485]
economy : 3824443010, 198, 1, [621416, 656485]
economy : 1655352565, 106, 3, [621416, 656485]
business : 6672136364, 175, 1, [621416, 904432]
economy : 2809860677, 98, 3, [904432, 342408]
business : 3198072714, 89, 1, [906840, 388025]
business : 5222720996, 106, 2, [539994, 342408]
economy : 7630212672, 120, 2, [656485, 342408]
economy : 9992826331, 163, 2, [904432, 539994]
economy : 6369545533, 88, 1, [906840, 656485]
business : 6056977544, 113, 1, [539994, 621416]
business : 9954953881, 145, 4, [119704, 621416]
economy : 4723802966, 108, 0, [467311, 539994]
business : 3180391931, 98, 1, [656485, 258740]
economy : 9260894059, 116, 1, [621416, 342408]
business : 4682977446, 111, 1, [258740, 388025]
economy : 5088498906, 83, 5, [342408, 539994]
economy : 9169750054, 149, 1, [904432, 388025]
economy : 3234044646, 92, 1, [119704, 467311]
economy : 1710228001, 166, 4, [539994, 388025]
economy : 2276268973, 137, 2, [621416, 388025]
economy : 6656905585, 61, 7, [539994, 119704]
economy : 2434537653, 47, 9, [621416, 258740]
economy : 2102777022, 93, 2, [258740, 904432]
business : 2483065972, 193, 3, [904432, 656485]
business : 9801367756, 102, 1, [656485, 119704]
economy : 4727280596, 178, 1, [906840, 621416]
economy : 2152027867, 184, 2, [904432, 258740]
economy : 4567877812, 145, 0, [539994, 906840]
economy : 5809163751, 159, 6, [656485, 119704]
economy : 1490116536, 73, 1, [904432, 388025]
business : 6679383375, 59, 3, [904432, 342408]
economy : 8973480701, 139, 2, [621416, 904432]
first : 9186264952, 49, 1, [388025, 342408]
first : 3666944808, 141, 1, [904432, 388025]
business : 9334743927, 63, 2, [119704, 388025]
economy : 1303634216, 73, 5, [904432, 656485]
business : 7916353617, 59, 1, [119704, 656485]
economy : 7129783202, 171, 2, [621416, 906840]
economy : 2580684958, 64, 1, [342408, 621416]
luxury : 1714155240, 97, 2, [906840, 258740]
economy : 2751276512, 140, 2, [621416, 342408]
economy : 6048563865, 180, 6, [258740, 388025]
economy : 1247163198, 195, 1, [119704, 621416]
economy : 6711288487, 143, 1, [388025, 342408]
economy : 9098828636, 80, 8, [258740, 906840]
economy : 8961320921, 158, 1, [539994, 656485]
economy : 2104325004, 72, 0, [904432, 258740]
business : 9214575432, 199, 1, [342408, 906840]
business : 6035079042, 191, 3, [258740, 119704]
economy : 5556342534, 166, 1, [467311, 621416]
business : 5353221061, 94, 2, [388025, 904432]
business : 1976397648, 166, 1, [258740, 388025]
business : 4800357302, 85, 3, [656485, 342408]
economy : 7192580435, 154, 0, [119704, 467311]
business : 8268837259, 146, 4, [621416, 388025]
economy : 9098244630, 70, 2, [621416, 906840]
economy : 6220810552, 150, 1, [539994, 388025]
economy : 4758131130, 46, 7, [258740, 904432]
first : 8411291865, 172, 2, [342408, 258740]
economy : 3188405164, 64, 3, [119704, 258740]
economy : 4666662582, 50, 1, [906840, 904432]
economy : 8520369419, 145, 8, [906840, 539994]
economy : 2006129470, 127, 1, [904432, 388025]
economy : 5580234609, 42, 3, [621416, 467311]
economy : 2718056451, 145, 3, [119704, 342408]
economy : 5013755492, 142, 2, [388025, 539994]
economy : 1850243416, 180, 1, [906840, 621416]
economy : 6783107469, 121, 1, [621416, 342408]
economy : 2502726179, 77, 0, [342408, 258740]
economy : 3888747697, 96, 3, [467311, 388025]
economy : 8489780381, 126, 2, [119704, 388025]
economy : 4998649860, 137, 2, [539994, 258740]
business : 4813149319, 116, 2, [119704, 342408]
economy : 1394944259, 65, 1, [906840, 904432]
economy : 4700525143, 127, 1, [467311, 119704]
economy : 2995518149, 90, 1, [621416, 342408]
business : 9616316523, 51, 2, [258740, 906840]
economy : 2361399033, 94, 8, [656485, 119704]
business : 5218626716, 72, 6, [621416, 467311]
economy : 7613632378, 45, 2, [342408, 119704]
business : 1692155650, 120, 2, [388025, 621416]
economy : 7171550560, 166, 2, [258740, 906840]
economy : 5680084533, 68, 3, [258740, 342408]
economy : 7126524569, 84, 9, [621416, 906840]
first : 2886621087, 43, 0, [656485, 539994]
economy : 1438468891, 165, 1, [539994, 258740]
economy : 9339050086, 87, 2, [467311, 258740]
economy : 8233992926, 61, 1, [906840, 258740]
economy : 6866568786, 171, 1, [539994, 621416]
economy : 9663792016, 84, 0, [119704, 467311]
economy : 7694061088, 61, 2, [342408, 119704]
economy : 4836891385, 143, 0, [621416, 904432]
business : 3259193765, 113, 6, [388025, 621416]
economy : 4516842646, 104, 6, [119704, 342408]
economy : 1782469267, 42, 3, [539994, 342408]
economy : 3456573682, 142, 5, [656485, 342408]
economy : 9792334842, 199, 3, [342408, 656485]
economy : 9580084317, 188, 5, [904432, 342408]
luxury : 6380857196, 165, 7, [342408, 904432]
economy : 6216237891, 51, 0, [388025, 119704]
first : 4437302519, 55, 1, [119704, 539994]
economy : 2872578580, 48, 1, [119704, 904432]
economy : 7001707234, 57, 2, [904432, 342408]
economy : 3226585832, 57, 2, [621416, 906840]
economy : 1228018609, 81, 3, [119704, 539994]
economy : 2979755199, 94, 2, [388025, 906840]
economy : 5101039070, 108, 3, [119704, 621416]
economy : 7917564684, 173, 1, [621416, 539994]
economy : 1184857296, 188, 0, [621416, 342408]
economy : 3192404524, 127, 3, [119704, 388025]
economy : 5739749850, 65, 1, [539994, 656485]
economy : 5931905361, 96, 1, [258740, 342408]
first : 6529346487, 95, 5, [388025, 906840]
business : 2221906701, 194, 2, [906840, 258740]
economy : 9647656127, 92, 1, [119704, 621416]
economy : 6990432844, 126, 2, [342408, 904432]
economy : 7781315800, 109, 2, [621416, 904432]
business : 5559090529, 116, 1, [342408, 388025]
economy : 6038043975, 108, 1, [539994, 388025]
business : 1177915455, 195, 2, [904432, 656485]
economy : 7113362756, 125, 2, [656485, 342408]
economy : 4027431509, 161, 1, [656485, 906840]
economy : 9943444790, 69, 4, [342408, 467311]
economy : 1441765921, 103, 1, [656485, 258740]
economy : 6441911249, 69, 2, [388025, 342408]
economy : 1736562026, 105, 7, [258740, 621416]
economy : 2925044129, 119, 1, [656485, 342408]
economy : 5214403551, 110, 0, [119704, 906840]
economy : 6758607932, 193, 4, [467311, 119704]
first : 9252059665, 87, 9, [342408, 656485]
business : 7030101436, 103, 0, [119704, 904432]
economy : 8386144573, 62, 5, [388025, 621416]
business : 4683655060, 199, 0, [342408, 539994]
economy : 9504616370, 59, 4, [119704, 906840]
economy : 6112569750, 72, 1, [904432, 119704]
economy : 7490287046, 190, 4, [467311, 388025]
economy : 2240354943, 125, 2, [388025, 906840]
economy : 5293090026, 103, 2, [258740, 656485]
economy : 8268591650, 54, 1, [621416, 539994]
economy : 7219750604, 167, 1, [388025, 342408]
economy : 1965157093, 98, 2, [119704, 621416]
business : 1695426353, 68, 2, [621416, 539994]
economy : 3091122833, 101, 1, [621416, 539994]
economy : 5619592992, 144, 10, [906840, 388025]
economy : 4448313718, 123, 4, [656485, 904432]
economy : 1256750766, 49, 0, [656485, 467311]
economy : 7057867132, 141, 0, [258740, 342408]
economy : 2891096153, 180, 1, [656485, 906840]
business : 4263356343, 110, 0, [621416, 388025]
business : 5186255676, 72, 3, [539994, 467311]
economy : 4467485735, 59, 3, [906840, 467311]
economy : 2068975952, 78, 2, [904432, 388025]
business : 5711933508, 69, 9, [906840, 119704]
economy : 8801001771, 94, 7, [656485, 388025]
economy : 9728376290, 63, 3, [904432, 258740]
business : 1810080556, 45, 2, [656485, 539994]
business : 2381202233, 153, 1, [258740, 467311]
economy : 1973891208, 124, 2, [258740, 539994]
business : 5878999136, 117, 1, [467311, 258740]
economy : 1153262080, 147, 6, [539994, 258740]
business : 1952585668, 136, 3, [539994, 258740]
economy : 7021823149, 114, 0, [119704, 342408]
business : 9165053582, 141, 0, [119704, 388025]
business : 7829616679, 119, 2, [388025, 621416]
economy : 7266156664, 177, 4, [388025, 119704]
economy : 6621122239, 161, 2, [539994, 342408]
first : 8128667474, 134, 5, [342408, 258740]
first : 2239891805, 56, 2, [621416, 467311]
business : 4482975076, 86, 2, [621416, 388025]
economy : 7236835184, 87, 7, [539994, 388025]
economy : 1768191709, 71, 0, [258740, 539994]
economy : 3311066937, 142, 2, [656485, 342408]
luxury : 6957526823, 168, 5, [388025, 342408]
business : 2065126999, 157, 1, [656485, 388025]
economy : 1126831235, 49, 2, [258740, 388025]
business : 5174650620, 70, 2, [467311, 119704]
economy : 7757365677, 152, 2, [656485, 621416]
economy : 9719039121, 178, 2, [656485, 539994]
business : 6764873077, 186, 1, [467311, 621416]
business : 2294022545, 160, 9, [906840, 621416]
economy : 3176853246, 40, 2, [656485, 539994]
economy : 6338766339, 182, 1, [388025, 119704]
economy : 8927457061, 72, 2, [258740, 342408]
economy : 1317715441, 189, 4, [342408, 656485]
economy : 5843478981, 54, 1, [467311, 904432]
first : 8493014950, 112, 2, [119704, 621416]
business : 3967007901, 148, 1, [388025, 342408]
first : 9212734543, 94, 6, [906840, 467311]
economy : 1696763455, 136, 2, [388025, 904432]
economy : 1648859580, 93, 2, [656485, 621416]
economy : 8173734561, 60, 0, [621416, 539994]
business : 7901901071, 144, 1, [656485, 621416]
economy : 6694795256, 102, 3, [388025, 539994]
business : 4298841015, 115, 2, [656485, 904432]
economy : 9783928114, 132, 1, [258740, 656485]
economy : 9186097998, 167, 1, [467311, 904432]
business : 3261067144, 135, 0, [342408, 656485]
economy : 1146289673, 111, 1, [906840, 119704]
business : 8808455877, 93, 0, [906840, 388025]
first : 4855207455, 183, 2, [904432, 388025]
economy : 1629291952, 113, 0, [621416, 906840]
economy : 3040165112, 114, 1, [656485, 258740]
economy : 4892108400, 44, 2, [258740, 621416]
economy : 7297045626, 87, 2, [621416, 539994]
economy : 1810437375, 154, 2, [656485, 621416]
business : 4342175556, 69, 0, [621416, 388025]
economy : 9900889532, 144, 2, [904432, 621416]
economy : 6661421946, 128, 0, [621416, 119704]
business : 3356760710, 171, 3, [656485, 904432]
economy : 1167052784, 173, 2, [467311, 539994]
business : 5650264039, 150, 1, [258740, 388025]
economy : 8271881432, 178, 1, [539994, 388025]
business : 4605009479, 104, 6, [119704, 388025]
economy : 8288561690, 89, 6, [539994, 656485]
business : 4524698467, 198, 1, [388025, 539994]
economy : 5917514812, 186, 1, [388025, 904432]
economy : 4436874379, 93, 0, [904432, 467311]
economy : 8814473766, 64, 6, [539994, 258740]
economy : 1502017074, 156, 4, [258740, 388025]
economy : 5909597053, 172, 6, [342408, 388025]
economy : 7999070028, 98, 3, [539994, 342408]
economy : 1085174887, 152, 1, [539994, 119704]
economy : 1305091265, 166, 1, [904432, 467311]
economy : 9417416368, 142, 6, [539994, 467311]
business : 2349856563, 175, 2, [388025, 342408]
luxury : 8145884311, 98, 1, [342408, 656485]
economy : 6469852650, 157, 10, [906840, 621416]
economy : 9113434776, 98, 1, [388025, 656485]
business : 1072778129, 165, 2, [388025, 904432]
first : 6747949594, 127, 1, [656485, 258740]
economy : 7404377796, 47, 0, [621416, 342408]
business : 1853176476, 61, 0, [539994, 258740]
economy : 2082061684, 73, 1, [467311, 904432]
economy : 9342520354, 49, 10, [342408, 388025]
business : 4798766697, 68, 1, [539994, 906840]
luxury : 6466440042, 130, 1, [656485, 906840]
economy : 2442693444, 200, 2, [621416, 539994]
economy : 8075984271, 50, 1, [906840, 342408]
economy : 3072875615, 86, 3, [906840, 258740]
first : 9654018432, 130, 2, [258740, 388025]
economy : 9311645380, 161, 0, [258740, 342408]
economy : 3656555038, 82, 4, [467311, 621416]
first : 7566985903, 146, 1, [906840, 342408]
economy : 1878141691, 121, 0, [904432, 621416]
economy : 6979257992, 173, 2, [258740, 906840]
economy : 2768654741, 112, 2, [388025, 467311]
economy : 9728845812, 51, 2, [906840, 119704]
economy : 9900497663, 68, 0, [621416, 906840]
first : 7394920085, 69, 1, [656485, 388025]
business : 5327604796, 61, 2, [621416, 467311]
luxury : 5231743852, 178, 2, [906840, 388025]
business : 3251031953, 113, 1, [906840, 904432]
economy : 8491914477, 110, 6, [119704, 342408]
economy : 6924375544, 64, 1, [904432, 342408]
economy : 7977010068, 182, 9, [342408, 467311]
luxury : 1002072251, 46, 1, [656485, 621416]
economy : 4269437682, 41, 1, [467311, 906840]
economy : 1938287321, 86, 0, [539994, 621416]
economy : 4017644299, 109, 3, [904432, 906840]
economy : 4373904634, 125, 1, [906840, 467311]
economy : 6636872144, 92, 5, [906840, 258740]
economy : 1422556742, 112, 1, [258740, 906840]
economy : 7208283535, 147, 1, [258740, 119704]
first : 1729727381, 120, 0, [621416, 656485]
economy : 3168456209, 40, 3, [656485, 467311]
economy : 7904108384, 123, 0, [119704, 342408]
economy : 9286652479, 108, 10, [388025, 467311]
business : 5969082123, 88, 1, [119704, 258740]
economy : 1400129439, 97, 2, [258740, 539994]
economy : 2260046773, 125, 0, [539994, 904432]
business : 3201941317, 84, 0, [539994, 904432]
economy : 8278913103, 130, 1, [906840, 342408]
luxury : 3569631350, 179, 1, [388025, 904432]
economy : 8168783541, 160, 0, [539994, 904432]
economy : 9438913977, 99, 0, [342408, 388025]
business : 2241168928, 101, 1, [539994, 906840]
business : 4767069286, 43, 2, [621416, 342408]
luxury : 8158365387, 115, 0, [342408, 904432]
economy : 4840884677, 177, 1, [467311, 388025]
first : 7715141707, 92, 1, [621416, 904432]
business : 2677238169, 144, 1, [906840, 467311]
luxury : 4010057395, 48, 2, [906840, 539994]
business : 3345926876, 62, 8, [119704, 906840]
economy : 1831456508, 165, 0, [539994, 621416]
business : 3906441347, 109, 10, [258740, 621416]
business : 9210526952, 52, 1, [906840, 656485]
business : 2662100133, 45, 6, [656485, 388025]
economy : 3568570387, 134, 1, [539994, 656485]
first : 1167936372, 112, 2, [906840, 621416]
first : 3528301908, 188, 0, [539994, 656485]
economy : 9892518391, 190, 1, [539994, 258740]
economy : 7221131919, 159, 2, [467311, 119704]
economy : 5598817189, 196, 0, [342408, 119704]
business : 2360969904, 133, 6, [539994, 258740]
economy : 7114221697, 108, 2, [388025, 258740]
economy : 5178657149, 48, 9, [342408, 656485]
economy : 9412630776, 140, 1, [467311, 258740]
economy : 8830549552, 138, 2, [904432, 388025]
luxury : 2988652796, 110, 0, [388025, 539994]
economy : 4424679767, 136, 5, [342408, 119704]
economy : 6889577262, 40, 2, [906840, 621416]
economy : 6910516826, 63, 1, [904432, 258740]
economy : 8807161845, 158, 5, [539994, 467311]
economy : 6523013184, 200, 3, [467311, 258740]
luxury : 6508598359, 195, 2, [119704, 904432]
economy : 6953620582, 55, 1, [388025, 539994]
economy : 4669948813, 74, 1, [621416, 342408]
economy : 6028647531, 186, 0, [342408, 621416]
business : 8129185109, 81, 2, [904432, 656485]
economy : 5156035369, 66, 3, [656485, 906840]
business : 9113485726, 93, 1, [656485, 467311]
economy : 8753346564, 164, 1, [258740, 467311]
economy : 9176833823, 75, 0, [621416, 906840]
economy : 6377884282, 76, 4, [342408, 467311]
economy : 9855326425, 173, 2, [621416, 467311]
first : 6027822859, 157, 1, [904432, 388025]
economy : 1933398242, 156, 0, [906840, 904432]
economy : 4502757423, 71, 3, [621416, 904432]
economy : 7012059157, 80, 2, [656485, 119704]
economy : 3921061529, 106, 1, [119704, 388025]
economy : 6341052978, 103, 9, [906840, 621416]
luxury : 4039821702, 43, 6, [388025, 656485]
economy : 5058346339, 122, 5, [621416, 904432]
economy : 1960200175, 68, 7, [539994, 906840]
first : 9096276681, 156, 3, [119704, 258740]
economy : 8101003906, 107, 0, [342408, 904432]
economy : 2663074235, 92, 2, [621416, 656485]
economy : 3808999878, 192, 2, [258740, 119704]
economy : 5880618318, 102, 2, [467311, 904432]
business : 3149229193, 146, 3, [258740, 119704]
economy : 1223703684, 68, 4, [342408, 906840]
economy : 4604504868, 69, 2, [258740, 904432]
economy : 8155473175, 114, 2, [258740, 539994]
economy : 4691836847, 198, 1, [119704, 904432]
economy : 8293678448, 131, 1, [904432, 539994]
economy : 5721524572, 46, 0, [388025, 119704]
economy : 3684186628, 149, 4, [467311, 906840]
economy : 1867785230, 49, 3, [539994, 467311]
economy : 9826620857, 112, 10, [467311, 906840]
business : 2868824354, 198, 3, [258740, 539994]
economy : 6726565366, 76, 1, [388025, 906840]
economy : 1602267294, 42, 3, [119704, 342408]
first : 1351757335, 153, 4, [621416, 342408]
economy : 2793885706, 99, 0, [119704, 621416]
economy : 8615232274, 114, 1, [342408, 656485]
business : 6029156274, 49, 1, [258740, 119704]
business : 9450794903, 50, 4, [656485, 467311]
economy : 6122196164, 152, 0, [656485, 388025]
business : 4202434049, 48, 3, [342408, 656485]
economy : 6260903457, 124, 1, [258740, 119704]
economy : 1889711948, 155, 2, [539994, 906840]
business : 3570472697, 100, 1, [258740, 656485]
business : 1095091372, 91, 1, [539994, 621416]
economy : 2683063543, 151, 2, [904432, 388025]
economy : 3946759858, 68, 1, [539994, 621416]
business : 7903121331, 169, 5, [539994, 621416]
economy : 6354294446, 168, 3, [539994, 906840]
economy : 6310992137, 64, 2, [119704, 621416]
economy : 4101031812, 145, 0, [388025, 467311]
economy : 9403020453, 154, 0, [342408, 656485]
luxury : 5206033113, 128, 2, [119704, 656485]
economy : 9785963035, 165, 3, [467311, 258740]
economy : 9725519122, 83, 1, [342408, 906840]
economy : 1511663051, 176, 0, [539994, 906840]
economy : 8364583447, 139, 1, [656485, 388025]
first : 9686117282, 139, 6, [656485, 342408]
economy : 4936155193, 60, 1, [539994, 904432]
economy : 2327413629, 53, 4, [119704, 342408]
economy : 9460582847, 150, 2, [342408, 467311]
economy : 1757026447, 197, 1, [388025, 621416]
economy : 8848944805, 108, 1, [904432, 621416]
economy : 7149995214, 74, 2, [904432, 119704]
business : 5949810763, 74, 0, [539994, 467311]
economy : 7894254503, 49, 1, [621416, 656485]
economy : 5037415342, 42, 5, [342408, 904432]
first : 4729418776, 90, 1, [906840, 119704]
economy : 7583267123, 85, 0, [467311, 388025]
economy : 9902607054, 93, 0, [388025, 342408]
business : 6974900453, 65, 2, [342408, 388025]
economy : 5227534306, 96, 1, [539994, 467311]
economy : 2762257422, 170, 1, [388025, 656485]
first : 7096893983, 183, 2, [906840, 467311]
business : 7890934226, 41, 1, [388025, 906840]
economy : 9420633735, 174, 1, [467311, 342408]
economy : 6431855957, 185, 0, [342408, 388025]
economy : 2575923638, 88, 1, [467311, 388025]
economy : 9146710731, 195, 2, [906840, 388025]
first : 6389684982, 79, 4, [119704, 906840]
economy : 4167012426, 65, 1, [906840, 656485]
economy : 5212408886, 160, 1, [342408, 388025]
economy : 4989306614, 178, 1, [467311, 342408]
economy : 9556757197, 109, 1, [656485, 388025]
economy : 4017489569, 86, 10, [904432, 621416]
first : 7518917866, 168, 0, [119704, 539994]
economy : 4977117866, 189, 2, [467311, 388025]
economy : 9443174063, 78, 2, [906840, 467311]
luxury : 3420854822, 69, 1, [342408, 539994]
first : 5673368573, 135, 5, [656485, 539994]
business : 2576140810, 171, 1, [621416, 119704]
economy : 5195036670, 146, 2, [119704, 621416]
economy : 1515100543, 105, 8, [467311, 539994]
business : 4613326279, 198, 0, [342408, 467311]
first : 8723447083, 184, 8, [258740, 119704]
economy : 5364072054, 42, 0, [467311, 656485]
economy : 7061259766, 49, 2, [388025, 467311]
business : 9079710778, 97, 1, [656485, 904432]
economy : 6308689122, 108, 5, [539994, 906840]
economy : 1555288790, 54, 2, [119704, 656485]
business : 3483219486, 63, 2, [539994, 467311]
first : 8084395586, 94, 0, [119704, 906840]
business : 2595938682, 141, 2, [258740, 621416]
economy : 3418915899, 81, 2, [258740, 539994]
business : 1031649412, 60, 3, [388025, 904432]
economy : 5009121318, 59, 2, [258740, 904432]
economy : 9884700086, 57, 1, [539994, 388025]
economy : 5482218602, 162, 2, [906840, 342408]
economy : 1132490213, 176, 1, [467311, 342408]
luxury : 5944124351, 107, 2, [258740, 621416]
economy : 6304242469, 200, 1, [539994, 388025]
business : 8854900096, 173, 4, [656485, 906840]
economy : 8046859962, 83, 2, [656485, 906840]
economy : 4343807518, 74, 3, [467311, 342408]
economy : 6373194824, 163, 1, [906840, 342408]
economy : 9295390429, 115, 1, [388025, 467311]
economy : 3397835911, 68, 4, [388025, 906840]
economy : 5971714946, 44, 7, [342408, 656485]
economy : 2940189066, 47, 1, [119704, 258740]
economy : 2403657173, 127, 0, [904432, 388025]
economy : 8959450914, 60, 6, [656485, 904432]
business : 6673732540, 76, 7, [906840, 621416]
economy : 1578175899, 174, 0, [904432, 539994]
economy : 8658711068, 91, 1, [342408, 119704]
economy : 6204305411, 79, 5, [904432, 258740]
economy : 1156964429, 138, 2, [656485, 906840]
business : 2808432843, 104, 0, [904432, 906840]
first : 4808810578, 83, 2, [621416, 342408]
economy : 1549747708, 47, 2, [539994, 904432]
economy : 2563192924, 40, 1, [621416, 258740]
economy : 9131058799, 109, 0, [342408, 621416]
economy : 9517861673, 133, 3, [621416, 342408]
economy : 3859576220, 122, 3, [906840, 904432]
economy : 2875072828, 178, 2, [342408, 621416]
economy : 5105702770, 144, 0, [906840, 258740]
economy : 9665665811, 157, 8, [656485, 904432]
economy : 7642299614, 181, 1, [904432, 906840]
economy : 8815960021, 191, 5, [467311, 906840]
business : 2503795123, 183, 1, [119704, 539994]
economy : 6903382477, 68, 0, [258740, 904432]
economy : 1307208696, 173, 1, [467311, 656485]
business : 6471041006, 65, 2, [656485, 258740]
first : 3699898789, 108, 2, [906840, 656485]
economy : 8292333601, 191, 1, [539994, 342408]
economy : 6748095094, 105, 1, [258740, 119704]
business : 6931789575, 138, 2, [388025, 258740]
economy : 9638667546, 140, 0, [539994, 906840]
economy : 6542662141, 46, 2, [656485, 906840]
business : 5247780477, 150, 2, [258740, 467311]
economy : 2463272012, 185, 1, [904432, 388025]
first : 6573664483, 64, 1, [539994, 656485]
business : 4618149390, 182, 9, [539994, 467311]
economy : 2802089707, 114, 2, [904432, 539994]
economy : 5799893202, 42, 3, [342408, 119704]
economy : 7158401922, 112, 2, [904432, 258740]
economy : 6238106617, 95, 0, [388025, 621416]
economy : 7390119262, 74, 4, [388025, 119704]
economy : 6559147978, 124, 4, [388025, 258740]
business : 7013799412, 158, 1, [904432, 342408]
economy : 1563287968, 41, 2, [342408, 467311]
economy : 6556399859, 58, 1, [388025, 342408]
first : 4461314893, 196, 1, [656485, 906840]
economy : 2912607476, 47, 0, [119704, 904432]
economy : 1868807211, 79, 2, [621416, 388025]
economy : 9650187860, 62, 1, [906840, 342408]
economy : 5589720442, 134, 2, [621416, 467311]
economy : 4139794231, 40, 0, [539994, 904432]
economy : 1552159076, 92, 7, [388025, 258740]
economy : 8006352608, 77, 2, [467311, 539994]
economy : 9010004964, 133, 8, [388025, 621416]
economy : 4573600819, 50, 1, [539994, 621416]
economy : 3857068869, 56, 0, [656485, 904432]
economy : 6755737725, 157, 2, [342408, 656485]
economy : 8447676121, 138, 1, [656485, 467311]
economy : 6372704356, 43, 1, [906840, 119704]
economy : 8692962756, 59, 1, [906840, 467311]
economy : 7593127742, 115, 0, [656485, 258740]
economy : 7665925751, 186, 3, [119704, 539994]
economy : 9433702989, 138, 3, [388025, 467311]
business : 8915840051, 175, 3, [904432, 119704]
business : 1101604781, 186, 1, [539994, 906840]
economy : 8877014889, 147, 4, [539994, 906840]
economy : 1399595832, 145, 1, [621416, 656485]
business : 2912342922, 94, 0, [119704, 906840]
economy : 8305707194, 159, 1, [904432, 621416]
economy : 2251211827, 110, 0, [906840, 388025]
first : 3487185872, 83, 2, [906840, 904432]
business : 5982597001, 89, 4, [539994, 906840]
economy : 1822649302, 106, 0, [119704, 342408]
economy : 8573367097, 157, 7, [258740, 388025]
business : 5172304758, 74, 1, [539994, 342408]
economy : 1227579951, 113, 1, [539994, 904432]
economy : 4972196970, 91, 9, [467311, 388025]
economy : 2986069973, 126, 2, [388025, 539994]
economy : 2911017346, 190, 5, [539994, 621416]
economy : 3352316583, 43, 0, [906840, 539994]
economy : 1896325064, 121, 6, [388025, 258740]
economy : 8874508760, 177, 2, [656485, 342408]
economy : 8554571831, 134, 8, [906840, 119704]
first : 9387480257, 71, 1, [342408, 656485]
economy : 6744412251, 174, 2, [388025, 621416]
economy : 3505130338, 99, 1, [904432, 342408]
economy : 1943247878, 197, 8, [904432, 388025]
economy : 8281750942, 69, 0, [388025, 119704]
economy : 3576898370, 157, 5, [656485, 119704]
economy : 7636036171, 113, 0, [539994, 467311]
economy : 1729443643, 143, 4, [906840, 342408]
economy : 4908221421, 191, 1, [621416, 467311]
economy : 5331820655, 143, 7, [467311, 388025]
first : 9408245599, 113, 0, [467311, 906840]
luxury : 8330283678, 148, 1, [656485, 119704]
business : 3153715194, 98, 0, [258740, 906840]
luxury : 9422565247, 146, 2, [258740, 906840]
business : 6202206059, 70, 1, [119704, 656485]
economy : 4239794192, 170, 1, [342408, 906840]
economy : 8256433268, 124, 2, [119704, 258740]
economy : 6434462216, 106, 1, [904432, 388025]
first : 4480394705, 44, 9, [621416, 258740]
luxury : 8957726579, 176, 3, [621416, 467311]
economy : 2651716468, 56, 0, [119704, 621416]
economy : 7820017955, 176, 1, [388025, 119704]
economy : 4746994620, 127, 1, [656485, 621416]
economy : 6439710479, 187, 0, [119704, 621416]
economy : 4089367732, 48, 2, [621416, 119704]
economy : 1338526788, 65, 2, [342408, 656485]
economy : 6579187153, 52, 2, [388025, 539994]
economy : 8681562962, 76, 0, [342408, 904432]
economy : 3248457438, 156, 0, [904432, 539994]
economy : 4529052972, 124, 2, [539994, 904432]
first : 6682755816, 85, 1, [342408, 388025]
economy : 3011373992, 133, 1, [906840, 621416]
economy : 1818087810, 44, 1, [621416, 388025]
economy : 8076902786, 119, 5, [904432, 539994]
economy : 3164113883, 67, 3, [539994, 656485]
business : 5426144800, 111, 10, [388025, 904432]
economy : 7873407123, 190, 2, [621416, 258740]
economy : 8587600452, 169, 1, [342408, 621416]
economy : 6455360765, 179, 2, [119704, 342408]
business : 8806699202, 155, 3, [119704, 258740]
economy : 4250893018, 145, 1, [656485, 621416]
economy : 3775735696, 72, 9, [656485, 906840]
first : 6352307665, 127, 1, [904432, 621416]
economy : 3465915631, 82, 7, [388025, 656485]
first : 4608785870, 194, 1, [621416, 119704]
economy : 4458246748, 136, 9, [258740, 621416]
economy : 4030014398, 151, 1, [906840, 539994]
business : 8886629907, 189, 0, [906840, 119704]
economy : 2650869999, 157, 1, [258740, 467311]
economy : 9410707754, 41, 2, [119704, 621416]
economy : 1574737820, 128, 7, [906840, 258740]
first : 3396344749, 41, 1, [621416, 342408]
economy : 6949967486, 134, 2, [388025, 904432]
economy : 3850173395, 95, 1, [539994, 904432]
economy : 8342484580, 108, 1, [539994, 904432]
economy : 4285778356, 164, 7, [539994, 388025]
economy : 8076145148, 85, 8, [539994, 621416]
business : 9915354249, 192, 3, [258740, 539994]
business : 9766562649, 173, 9, [388025, 906840]
business : 4944021007, 47, 0, [539994, 342408]
economy : 2256943651, 129, 2, [467311, 388025]
economy : 4351661248, 113, 10, [119704, 621416]
economy : 9332671620, 136, 2, [539994, 388025]
economy : 8803581826, 193, 2, [539994, 904432]
economy : 2609696997, 77, 4, [904432, 388025]
first : 1940259125, 175, 3, [258740, 539994]
economy : 7815821892, 126, 0, [467311, 258740]
economy : 3738540195, 191, 0, [621416, 906840]
business : 9969805735, 104, 4, [258740, 656485]
economy : 8870098634, 117, 0, [621416, 539994]
economy : 8084829906, 64, 1, [656485, 467311]
economy : 5035151842, 100, 3, [342408, 119704]
economy : 9163859017, 49, 2, [388025, 904432]
first : 2638764991, 43, 2, [467311, 539994]
economy : 6427642318, 197, 0, [467311, 539994]
economy : 9089970564, 68, 2, [388025, 539994]
first : 2706381609, 156, 2, [539994, 906840]
business : 4705907056, 106, 0, [258740, 388025]
economy : 1810701547, 104, 1, [119704, 906840]
economy : 4455287737, 64, 0, [656485, 906840]
economy : 4919991846, 146, 2, [906840, 621416]
economy : 5787542045, 146, 2, [467311, 621416]
economy : 6633028325, 113, 4, [621416, 467311]
economy : 3062113037, 44, 0, [342408, 388025]
economy : 3596833094, 124, 3, [258740, 906840]
business : 8211199461, 171, 3, [388025, 656485]
economy : 5168403688, 57, 5, [342408, 539994]
economy : 3075784880, 128, 2, [539994, 467311]
business : 6225180032, 160, 2, [656485, 119704]
economy : 4823415340, 166, 2, [621416, 258740]
economy : 9966996112, 40, 1, [904432, 906840]
business : 4281646586, 149, 0, [656485, 119704]
business : 1429500785, 91, 2, [342408, 621416]
business : 7513514927, 104, 3, [906840, 119704]
economy : 4575068111, 87, 1, [621416, 656485]
economy : 7995691436, 157, 0, [388025, 258740]
economy : 7349723615, 165, 5, [258740, 467311]
luxury : 3222611660, 155, 9, [656485, 906840]
business : 5377872921, 137, 0, [467311, 539994]
economy : 3972188958, 124, 1, [539994, 906840]
economy : 1779343728, 48, 3, [904432, 388025]
economy : 8513598620, 136, 5, [656485, 467311]
economy : 6224836753, 187, 3, [621416, 342408]
economy : 9474425742, 118, 0, [904432, 621416]
first : 9015598785, 48, 0, [388025, 539994]
economy : 6826856870, 62, 1, [904432, 119704]
economy : 2960247601, 42, 6, [342408, 621416]
luxury : 2940264685, 126, 2, [258740, 119704]
economy : 4778120822, 195, 1, [904432, 467311]
economy : 9171908678, 185, 8, [119704, 258740]
economy : 7183722452, 172, 2, [656485, 342408]
economy : 3988709459, 102, 9, [656485, 621416]
economy : 7967438276, 68, 6, [621416, 539994]
economy : 4912284531, 61, 3, [904432, 906840]
economy : 2543380264, 124, 2, [539994, 906840]
business : 1339738621, 90, 2, [388025, 342408]
economy : 1976284362, 173, 1, [467311, 904432]
economy : 2367602185, 150, 0, [258740, 906840]
economy : 2571377482, 112, 2, [906840, 467311]
economy : 7282485721, 109, 1, [342408, 467311]
economy : 7879408375, 161, 5, [621416, 656485]
business : 1319624073, 125, 2, [388025, 621416]
economy : 1750497629, 91, 8, [656485, 539994]
business : 5956744226, 173, 2, [342408, 621416]
economy : 3483436654, 66, 1, [467311, 388025]
business : 2573887680, 159, 1, [342408, 904432]
economy : 8768895377, 181, 4, [258740, 388025]
economy : 7048531027, 174, 4, [258740, 119704]
business : 6851722418, 66, 1, [119704, 656485]
first : 6319338042, 53, 6, [467311, 906840]
economy : 8660343016, 69, 0, [388025, 258740]
first : 1767681555, 50, 2, [258740, 388025]
economy : 1945018342, 118, 1, [119704, 388025]
economy : 2741247636, 171, 2, [258740, 342408]
business : 5310366925, 117, 9, [342408, 467311]
economy : 2627994184, 125, 0, [656485, 119704]
economy : 8337106319, 48, 3, [388025, 539994]
economy : 9667235161, 171, 0, [904432, 388025]
economy : 8743271146, 158, 1, [621416, 388025]
business : 3256519202, 114, 0, [656485, 342408]
business : 9016192227, 97, 0, [906840, 904432]
economy : 2783440048, 43, 1, [656485, 119704]
economy : 5650470810, 140, 10, [621416, 656485]
business : 1682411989, 61, 0, [656485, 258740]
economy : 2333881958, 89, 2, [119704, 258740]
economy : 3243792143, 147, 10, [906840, 258740]
economy : 9321141572, 76, 1, [656485, 258740]
business : 1197597423, 85, 0, [342408, 258740]
business : 4592371669, 90, 2, [539994, 467311]
economy : 1424637507, 127, 3, [119704, 539994]
economy : 9336233084, 181, 2, [906840, 258740]
economy : 2274023238, 103, 2, [621416, 539994]
economy : 5638876036, 125, 0, [906840, 904432]
first : 7846876920, 113, 1, [906840, 539994]
first : 3809255811, 153, 1, [388025, 906840]
economy : 5838381910, 172, 0, [621416, 119704]
economy : 2083170391, 193, 0, [467311, 119704]
economy : 5292616907, 105, 2, [119704, 539994]
economy : 2519588396, 193, 2, [539994, 656485]
economy : 3843789408, 145, 1, [258740, 656485]
economy : 3407622040, 192, 2, [904432, 906840]
economy : 2330596706, 124, 4, [388025, 904432]
first : 2077074721, 141, 1, [388025, 119704]
luxury : 9332455709, 58, 1, [467311, 388025]
economy : 6935976815, 44, 0, [258740, 539994]
economy : 6173159963, 72, 5, [904432, 388025]
business : 9150222771, 157, 0, [904432, 119704]
economy : 9912202518, 67, 6, [904432, 539994]
economy : 3907343205, 40, 8, [539994, 621416]
economy : 5777401352, 131, 2, [656485, 119704]
economy : 2053523635, 85, 0, [119704, 906840]
economy : 2067520660, 173, 2, [119704, 904432]
economy : 9339630042, 114, 1, [621416, 467311]
business : 1051194742, 133, 1, [467311, 904432]
first : 1767348744, 183, 0, [906840, 119704]
economy : 4051211426, 173, 0, [342408, 539994]
first : 1315493685, 113, 1, [656485, 621416]
economy : 2484295688, 95, 2, [539994, 467311]
economy : 3087292997, 191, 1, [904432, 621416]
economy : 9325258943, 179, 0, [539994, 904432]
economy : 5428298889, 53, 4, [621416, 258740]
business : 4370374561, 164, 1, [539994, 258740]
economy : 5577433724, 109, 5, [388025, 621416]
economy : 7829081028, 123, 0, [539994, 906840]
economy : 2401591053, 183, 3, [621416, 467311]
economy : 4178639553, 80, 1, [119704, 904432]
economy : 4093064775, 72, 0, [539994, 119704]
economy : 2900395822, 129, 3, [342408, 539994]
economy : 9058569188, 111, 1, [539994, 342408]
economy : 8793124917, 139, 4, [539994, 258740]
economy : 1286125402, 194, 3, [258740, 342408]
economy : 6499216798, 62, 4, [656485, 906840]
economy : 7829134963, 151, 1, [467311, 906840]
economy : 4199146331, 105, 4, [656485, 119704]
economy : 6269119101, 50, 1, [388025, 539994]
first : 1883541165, 164, 8, [388025, 342408]
business : 4148203339, 120, 6, [467311, 904432]
economy : 2180328583, 132, 2, [258740, 621416]
economy : 4753389431, 72, 1, [342408, 621416]
economy : 4908183692, 194, 1, [119704, 258740]
business : 4673131378, 45, 9, [904432, 119704]
economy : 8098939401, 187, 1, [119704, 621416]
economy : 9172374174, 56, 4, [656485, 258740]
economy : 5195670527, 186, 7, [119704, 904432]
economy : 7313316265, 77, 5, [906840, 539994]
economy : 6353348328, 158, 0, [258740, 656485]
business : 9578822836, 193, 2, [258740, 119704]
economy : 1110800263, 108, 0, [388025, 539994]
economy : 5603639035, 90, 0, [258740, 467311]
business : 4931860525, 86, 6, [467311, 119704]
first : 3436552433, 154, 2, [342408, 539994]
first : 7514480709, 91, 3, [388025, 904432]
economy : 4076430201, 82, 0, [467311, 656485]
economy : 6473083950, 42, 9, [388025, 467311]
economy : 2825867870, 51, 4, [656485, 621416]
economy : 8219316658, 97, 8, [467311, 119704]
economy : 4026472326, 41, 0, [467311, 258740]
economy : 6533129310, 56, 4, [539994, 258740]
first : 3730752993, 103, 3, [906840, 119704]
economy : 9614005072, 141, 3, [388025, 342408]
economy : 1154495451, 87, 2, [621416, 119704]
economy : 6659310949, 172, 3, [906840, 539994]
business : 5723932616, 107, 1, [342408, 388025]
economy : 4532178288, 137, 3, [656485, 342408]
economy : 7919271654, 168, 0, [906840, 119704]
economy : 5935131523, 63, 0, [119704, 904432]
business : 3267538855, 189, 1, [258740, 539994]
economy : 3797150415, 40, 1, [342408, 904432]
economy : 3011984656, 182, 5, [119704, 467311]
economy : 3921598308, 78, 0, [906840, 119704]
economy : 3340789726, 199, 7, [388025, 342408]
business : 3658927230, 78, 10, [656485, 467311]
economy : 1123823755, 198, 2, [539994, 119704]
economy : 3860060236, 140, 1, [467311, 539994]
economy : 8311898567, 173, 0, [388025, 258740]
economy : 5218908425, 99, 9, [258740, 621416]
economy : 7299614831, 148, 2, [388025, 621416]
economy : 7037075500, 124, 1, [904432, 539994]
economy : 4702186521, 191, 0, [656485, 342408]
business : 3755697152, 140, 1, [621416, 388025]
economy : 8339365028, 178, 2, [621416, 539994]
business : 2603198593, 167, 6, [119704, 656485]
first : 8707033634, 154, 8, [906840, 539994]
business : 9272830647, 148, 5, [119704, 904432]
business : 2413121536, 190, 1, [904432, 342408]
business : 9700140416, 71, 2, [342408, 904432]
economy : 4399385721, 161, 5, [656485, 539994]
economy : 7102382034, 92, 0, [621416, 467311]
economy : 6568587647, 167, 0, [621416, 467311]
economy : 9683787098, 118, 1, [904432, 906840]
economy : 2547479356, 164, 3, [342408, 119704]
first : 1430164036, 163, 1, [342408, 539994]
economy : 8402741261, 74, 6, [621416, 388025]
economy : 4959169289, 79, 0, [539994, 656485]
economy : 2079481744, 97, 4, [342408, 904432]
economy : 6085689438, 156, 3, [258740, 539994]
economy : 8859255448, 101, 4, [388025, 467311]
business : 3852852692, 80, 2, [904432, 342408]
economy : 1816466396, 109, 1, [621416, 258740]
economy : 5550939458, 158, 3, [467311, 388025]
business : 6943638997, 99, 2, [906840, 904432]
business : 3240423436, 70, 4, [656485, 258740]
business : 9695418362, 53, 3, [119704, 258740]
economy : 2566891257, 111, 1, [342408, 904432]
economy : 4650238761, 108, 2, [119704, 621416]
first : 1358310019, 120, 2, [258740, 904432]
economy : 2795667670, 138, 3, [621416, 904432]
economy : 7060908426, 175, 3, [539994, 388025]
economy : 5537581558, 95, 2, [906840, 342408]
economy : 9430663757, 131, 0, [258740, 621416]
business : 1733506334, 183, 0, [539994, 904432]
economy : 7650531952, 78, 7, [656485, 119704]
business : 6053969283, 147, 0, [119704, 342408]
economy : 2340116220, 57, 0, [342408, 621416]
business : 9568890315, 197, 2, [906840, 258740]
business : 7262318731, 114, 0, [906840, 388025]
economy : 4113897946, 135, 2, [388025, 621416]
business : 6368049463, 86, 1, [342408, 467311]
first : 9461752241, 163, 1, [119704, 906840]
business : 3643534878, 136, 2, [621416, 904432]
economy : 5733185879, 90, 0, [388025, 539994]
economy : 6981764301, 133, 2, [656485, 388025]
economy : 9800434602, 59, 1, [539994, 621416]
economy : 1147606115, 57, 3, [467311, 904432]
first : 2257631609, 114, 2, [467311, 342408]
business : 3616953951, 68, 6, [388025, 342408]
economy : 8031223732, 178, 5, [388025, 656485]
economy : 4266971605, 183, 3, [388025, 621416]
business : 8032951248, 77, 2, [342408, 539994]
economy : 8894746117, 115, 2, [342408, 904432]
economy : 3924825597, 46, 7, [258740, 656485]
economy : 5286114535, 165, 3, [539994, 467311]
economy : 7273392919, 90, 2, [119704, 906840]
economy : 9405282572, 40, 1, [342408, 258740]
business : 8231768039, 95, 1, [906840, 258740]
economy : 1822170833, 59, 1, [539994, 388025]
economy : 5650672782, 115, 10, [467311, 539994]
economy : 8734874102, 145, 2, [539994, 906840]
economy : 7669985428, 107, 3, [119704, 258740]
economy : 4089408425, 53, 7, [388025, 342408]
economy : 9391492305, 60, 4, [342408, 388025]
economy : 2143335303, 149, 2, [906840, 342408]
economy : 1038101037, 148, 1, [904432, 539994]
economy : 5234444695, 178, 4, [904432, 906840]
business : 3480633007, 102, 2, [258740, 621416]
economy : 1194127701, 98, 1, [119704, 656485]
economy : 6625195769, 54, 2, [467311, 388025]
economy : 6881872040, 160, 1, [258740, 119704]
business : 1772355047, 108, 6, [388025, 258740]
business : 7330675125, 140, 0, [621416, 258740]
economy : 1766255658, 183, 1, [258740, 539994]
luxury : 4732721568, 92, 2, [467311, 119704]
economy : 4027153459, 140, 0, [258740, 539994]
first : 2727148849, 84, 1, [904432, 388025]
economy : 9646384853, 156, 2, [342408, 388025]
economy : 3942995589, 97, 1, [656485, 342408]
business : 8885845060, 158, 10, [258740, 904432]
economy : 4545411203, 103, 2, [258740, 467311]
business : 6691608291, 196, 1, [621416, 388025]
business : 6156915385, 185, 6, [904432, 119704]
economy : 1973965465, 164, 3, [906840, 904432]
economy : 8980021204, 60, 10, [258740, 906840]
business : 3123969901, 101, 2, [388025, 656485]
business : 6272752783, 190, 7, [119704, 539994]
economy : 7261811157, 109, 3, [119704, 906840]
economy : 9156970082, 160, 2, [342408, 467311]
business : 4132687307, 76, 6, [906840, 656485]
economy : 5440643651, 58, 2, [388025, 539994]
economy : 5029818190, 100, 1, [656485, 119704]
economy : 3167439614, 57, 0, [656485, 258740]
economy : 2244346221, 153, 4, [904432, 388025]
economy : 1305888413, 70, 4, [904432, 119704]
economy : 7659750657, 110, 8, [656485, 342408]
economy : 5072456753, 112, 0, [119704, 342408]
economy : 1224386239, 83, 1, [342408, 258740]
economy : 5829039856, 143, 0, [119704, 467311]
business : 6769456671, 110, 1, [467311, 656485]
first : 8054102121, 176, 1, [388025, 467311]
first : 8699910717, 121, 3, [656485, 539994]
business : 1704108260, 89, 5, [656485, 904432]
first : 9529577406, 176, 3, [621416, 258740]
economy : 1057045374, 108, 8, [904432, 258740]
first : 6363826001, 195, 0, [342408, 539994]
economy : 7730989538, 182, 4, [258740, 539994]
luxury : 8090148671, 186, 1, [539994, 258740]
economy : 5629186460, 105, 0, [621416, 467311]
economy : 2226999126, 116, 1, [904432, 342408]
first : 6231060497, 115, 2, [467311, 258740]
business : 3786227334, 153, 1, [621416, 906840]
economy : 4690489074, 171, 0, [539994, 906840]
economy : 9742023871, 80, 1, [467311, 258740]
economy : 9472703083, 53, 2, [119704, 621416]
economy : 3029934996, 184, 0, [904432, 656485]
economy : 7661297726, 83, 2, [342408, 388025]
economy : 8246811966, 64, 1, [342408, 388025]
economy : 8773979108, 167, 3, [342408, 539994]
business : 9997653332, 86, 1, [904432, 342408]
economy : 5237607602, 172, 1, [119704, 906840]
economy : 4149076355, 167, 5, [342408, 119704]
economy : 6137899323, 148, 0, [119704, 388025]
economy : 2750189326, 50, 2, [656485, 539994]
economy : 3544189296, 190, 2, [342408, 119704]
business : 4868107604, 186, 0, [539994, 467311]
economy : 5217128285, 167, 3, [906840, 258740]
economy : 5703327735, 186, 1, [342408, 621416]
business : 8704449357, 73, 2, [467311, 621416]
economy : 6833697727, 183, 5, [621416, 388025]
economy : 4444111663, 62, 0, [342408, 621416]
first : 4551925487, 199, 2, [539994, 342408]
first : 4627222484, 158, 0, [539994, 656485]
economy : 2621394074, 58, 0, [904432, 656485]
luxury : 7388974902, 175, 8, [342408, 621416]
economy : 3134551472, 136, 1, [388025, 904432]
economy : 1529800289, 194, 5, [621416, 467311]
economy : 2217506615, 175, 9, [621416, 119704]
economy : 8729025856, 145, 1, [906840, 656485]
economy : 5723586202, 115, 9, [539994, 656485]
economy : 4658250041, 124, 1, [621416, 258740]
business : 7592311221, 158, 0, [258740, 656485]
luxury : 2171048054, 115, 1, [904432, 467311]
economy : 8750949413, 128, 0, [904432, 342408]
economy : 4556527528, 116, 1, [621416, 388025]
economy : 7886120644, 68, 3, [258740, 539994]
economy : 8820400748, 117, 2, [539994, 342408]
business : 4099684182, 178, 9, [621416, 119704]
economy : 5414746137, 130, 2, [906840, 388025]
economy : 1595981910, 160, 0, [388025, 656485]
economy : 6358800174, 119, 1, [342408, 388025]
luxury : 4498126196, 128, 2, [656485, 906840]
economy : 9470687440, 81, 10, [342408, 539994]
economy : 3732650709, 200, 1, [539994, 621416]
economy : 9581097504, 58, 4, [258740, 119704]
economy : 3107073550, 174, 5, [904432, 656485]
economy : 5452051312, 100, 2, [621416, 656485]
business : 6778464720, 113, 4, [906840, 342408]
economy : 1741575703, 162, 2, [904432, 388025]
business : 6661012737, 66, 2, [904432, 906840]
first : 1367724960, 55, 6, [388025, 904432]
first : 7583570986, 149, 2, [539994, 258740]
economy : 9503526354, 153, 3, [621416, 388025]
economy : 2927464919, 132, 4, [342408, 119704]
economy : 2839521043, 67, 0, [388025, 119704]
economy : 9501305457, 169, 1, [388025, 539994]
economy : 7826679799, 41, 3, [906840, 539994]
first : 1929510168, 173, 5, [656485, 906840]
economy : 4528162985, 95, 0, [467311, 656485]
economy : 3382921729, 101, 1, [119704, 539994]
economy : 1617974470, 70, 1, [467311, 656485]
business : 3977869308, 162, 1, [656485, 906840]
economy : 5568530937, 47, 0, [388025, 342408]
economy : 6215410175, 58, 0, [119704, 388025]
business : 3644852876, 184, 0, [904432, 906840]
economy : 4207466123, 169, 5, [467311, 258740]
economy : 3637846639, 76, 2, [621416, 539994]
economy : 9405803236, 140, 2, [388025, 906840]
economy : 9092496721, 145, 1, [656485, 119704]
economy : 4083289158, 188, 2, [656485, 258740]
business : 1386323199, 110, 1, [656485, 467311]
economy : 8392988044, 163, 1, [621416, 467311]
economy : 2738240500, 135, 6, [119704, 906840]
economy : 7370454500, 144, 2, [656485, 342408]
business : 9480315960, 166, 2, [906840, 656485]
economy : 9639147587, 48, 4, [904432, 656485]
economy : 5541618181, 63, 1, [342408, 388025]
first : 8376141974, 87, 1, [388025, 621416]
business : 4228200282, 184, 3, [388025, 119704]
first : 3230993933, 115, 2, [904432, 342408]
economy : 3699017318, 42, 1, [621416, 539994]
business : 6102852702, 70, 0, [388025, 342408]
economy : 5462527024, 200, 0, [656485, 539994]
economy : 2068598717, 178, 4, [258740, 906840]
economy : 2075851348, 181, 2, [388025, 258740]
economy : 4733518068, 85, 1, [906840, 388025]
first : 9377735905, 157, 0, [467311, 342408]
economy : 3356363485, 75, 4, [904432, 258740]
economy : 5581936099, 181, 3, [119704, 906840]
first : 3709394747, 43, 4, [656485, 342408]
business : 8270998844, 179, 2, [656485, 904432]
economy : 7937813875, 130, 1, [258740, 119704]
economy : 8582118109, 79, 0, [258740, 904432]
economy : 3512826724, 48, 9, [539994, 119704]
economy : 8509208264, 133, 1, [904432, 539994]
economy : 4293163904, 110, 1, [467311, 904432]
business : 2185010414, 50, 3, [258740, 904432]
economy : 6354762492, 115, 2, [539994, 467311]
economy : 7930805388, 137, 2, [906840, 904432]
business : 4119248285, 99, 0, [906840, 621416]
business : 4141283479, 90, 4, [342408, 621416]
economy : 3480287701, 66, 0, [656485, 119704]
economy : 8285405775, 179, 5, [342408, 539994]
economy : 8539964878, 107, 2, [119704, 258740]
economy : 4269500183, 197, 2, [904432, 342408]
business : 6551250697, 133, 2, [539994, 342408]
luxury : 2318195855, 73, 2, [342408, 388025]
economy : 2867478771, 182, 1, [539994, 119704]
economy : 3470522724, 176, 2, [904432, 388025]
business : 5136306603, 43, 1, [906840, 342408]
economy : 3028200311, 111, 6, [467311, 119704]
economy : 1409957004, 73, 1, [539994, 656485]
economy : 5670024664, 73, 2, [904432, 906840]
economy : 2652378995, 120, 4, [904432, 258740]
economy : 8566861485, 144, 3, [904432, 388025]
economy : 1693018385, 92, 2, [906840, 342408]
economy : 6403999256, 116, 2, [904432, 656485]
business : 7689442529, 56, 3, [904432, 621416]
economy : 5925211532, 87, 2, [906840, 539994]
economy : 5093066557, 196, 0, [258740, 388025]
economy : 2964527607, 99, 1, [539994, 656485]
economy : 5769616814, 105, 0, [656485, 539994]
economy : 1814038506, 78, 2, [467311, 539994]
business : 4128950302, 50, 2, [539994, 388025]
first : 7689556278, 43, 8, [119704, 621416]
economy : 8633951120, 157, 2, [119704, 342408]
first : 6999959362, 42, 3, [904432, 539994]
economy : 1563966170, 174, 2, [388025, 467311]
economy : 2940593202, 66, 1, [621416, 656485]
first : 6378747025, 114, 1, [656485, 621416]
economy : 5636299081, 111, 5, [539994, 906840]
business : 4786982415, 124, 0, [388025, 258740]
economy : 9884529788, 157, 0, [656485, 539994]
