10 10 1856
10206 13815.0 15984 24120 6830
major : 554442, 538, 634, 75.9, 222250, 4
hub : 977397, 107, 726, 42.9, 186300, 6
hub : 143728, 960, 1309, 64.46, 164400, 6
regional : 754858, 91, -242, 77.77, 179800, 4
regional : 260764, -534, -688, 104.5, 159400, 3
regional : 624967, -507, -2911, 67.76, 113200, 2
hub : 272725, -2797, -1449, 58.52, 275100, 9
major : 574114, -1954, 2765, 77.0, 132000, 5
hub : 878674, 167, 1211, 47.85, 204900, 5
major : 525300, -1219, -919, 62.37, 180750, 5
economy : 9744088438, 109, 8, [272725, 143728]
economy : 5937136807, 182, 3, [525300, 878674]
business : 2481689984, 84, 1, [977397, 754858]
business : 7704601141, 63, 4, [272725, 143728]
economy : 4466334273, 109, 7, [143728, 260764]
economy : 3913951350, 147, 3, [272725, 624967]
economy : 7051658688, 196, 2, [554442, 624967]
business : 4992073293, 62, 1, [525300, 554442]
economy : 5619646556, 94, 1, [554442, 977397]
first : 9749272782, 117, 1, [624967, 754858]
business : 1938546656, 105, 0, [754858, 624967]
economy : 5716837653, 55, 1, [554442, 624967]
economy : 2057846840, 89, 5, [754858, 260764]
business : 4018324666, 155, 2, [624967, 143728]
economy : 5627003583, 128, 2, [143728, 554442]
economy : 3467901201, 80, 0, [143728, 878674]
economy : 2601281099, 171, 1, [143728, 260764]
economy : 5456046303, 73, 0, [977397, 525300]
first : 5581826383, 51, 1, [143728, 977397]
economy : 5937595900, 73, 1, [260764, 624967]
business : 8891581515, 180, 0, [260764, 977397]
business : 4278578711, 112, 3, [574114, 624967]
economy : 9956796157, 68, 3, [554442, 143728]
economy : 6876341319, 166, 0, [554442, 525300]
economy : 2285246326, 195, 8, [624967, 143728]
economy : 3594732170, 86, 7, [574114, 977397]
economy : 5935075140, 158, 8, [754858, 977397]
first : 7496661282, 73, 2, [143728, 525300]
luxury : 4527957881, 188, 0, [260764, 525300]
economy : 7316907266, 134, 2, [260764, 574114]
economy : 5947052370, 143, 1, [624967, 977397]
business : 2015686188, 134, 1, [525300, 624967]
economy : 6647320206, 158, 3, [525300, 272725]
economy : 2969240382, 182, 3, [525300, 143728]
economy : 5177120022, 81, 6, [574114, 878674]
luxury : 7998403617, 148, 1, [754858, 525300]
economy : 8534903281, 77, 3, [754858, 525300]
economy : 7827891628, 175, 1, [624967, 260764]
first : 9973927073, 193, 9, [624967, 143728]
economy : 1194691625, 188, 3, [574114, 878674]
economy : 6981732276, 158, 9, [260764, 525300]
business : 3240012233, 160, 6, [272725, 977397]
business : 5187401530, 147, 9, [977397, 574114]
business : 9098415677, 76, 2, [574114, 624967]
business : 1897101109, 143, 1, [878674, 574114]
economy : 9650522208, 105, 2, [554442, 272725]
business : 3827265665, 47, 2, [260764, 754858]
economy : 7847755086, 113, 0, [272725, 143728]
economy : 9303635839, 187, 1, [977397, 574114]
economy : 1918859083, 186, 2, [525300, 574114]
economy : 6298399765, 180, 1, [554442, 272725]
economy : 6668930701, 76, 1, [754858, 574114]
economy : 5267251610, 136, 4, [878674, 624967]
economy : 3830601332, 193, 2, [554442, 574114]
economy : 1489751556, 73, 3, [525300, 754858]
economy : 7489859018, 91, 1, [525300, 554442]
economy : 8055642014, 102, 0, [574114, 260764]
economy : 9952393566, 44, 1, [624967, 754858]
business : 5235302540, 117, 6, [143728, 574114]
economy : 6867504805, 174, 5, [754858, 878674]
economy : 5298948275, 133, 3, [574114, 624967]
economy : 3376177306, 99, 1, [977397, 878674]
economy : 9565856072, 157, 2, [624967, 574114]
economy : 1139316552, 177, 4, [525300, 574114]
business : 8123676988, 114, 3, [878674, 554442]
economy : 7359771159, 182, 1, [977397, 272725]
economy : 8614415298, 189, 0, [525300, 143728]
economy : 7645694180, 156, 0, [143728, 525300]
business : 7619291866, 120, 1, [624967, 878674]
business : 1280682168, 51, 0, [525300, 624967]
economy : 5913977923, 138, 0, [878674, 260764]
economy : 6077854822, 86, 2, [554442, 272725]
economy : 5671281866, 94, 3, [272725, 260764]
economy : 2259470390, 104, 2, [754858, 554442]
business : 5701065705, 197, 2, [977397, 272725]
luxury : 9613656855, 157, 4, [754858, 260764]
economy : 2121612634, 66, 3, [525300, 272725]
business : 3099978867, 144, 0, [525300, 624967]
economy : 3601346750, 131, 1, [525300, 977397]
economy : 1053788354, 72, 2, [143728, 574114]
economy : 6127614211, 119, 2, [143728, 754858]
economy : 6603259232, 157, 5, [272725, 754858]
economy : 1365706937, 192, 1, [754858, 143728]
economy : 7400345744, 52, 1, [143728, 977397]
economy : 9737471621, 45, 1, [754858, 977397]
economy : 5575117918, 98, 1, [977397, 624967]
economy : 3339378004, 80, 1, [977397, 143728]
economy : 1442223899, 174, 1, [977397, 525300]
economy : 2358492156, 148, 1, [554442, 574114]
business : 7346972702, 93, 2, [554442, 143728]
economy : 6718920142, 100, 0, [143728, 525300]
economy : 8950187032, 163, 1, [624967, 272725]
first : 4385120183, 101, 0, [554442, 143728]
economy : 3218484422, 198, 9, [260764, 878674]
economy : 6553523266, 65, 1, [754858, 977397]
economy : 1246013310, 196, 7, [754858, 574114]
business : 4625599981, 189, 0, [878674, 260764]
economy : 2838432005, 134, 2, [574114, 977397]
economy : 9905558923, 95, 3, [574114, 272725]
economy : 4801042139, 177, 0, [878674, 260764]
business : 8683941960, 68, 5, [143728, 260764]
economy : 4921248178, 199, 3, [143728, 554442]
economy : 2048481087, 145, 1, [878674, 260764]
economy : 3811453852, 142, 10, [878674, 525300]
economy : 5038928109, 167, 2, [260764, 624967]
economy : 5395387916, 182, 5, [878674, 754858]
business : 6940280157, 75, 5, [272725, 878674]
economy : 3731851116, 99, 4, [977397, 260764]
economy : 2099219186, 43, 3, [977397, 143728]
economy : 1349101287, 131, 4, [754858, 554442]
economy : 1628190398, 162, 1, [272725, 624967]
first : 6646534633, 78, 2, [525300, 754858]
economy : 1535870146, 162, 0, [624967, 525300]
luxury : 8846451635, 197, 2, [525300, 574114]
economy : 7899068038, 112, 1, [574114, 525300]
business : 2094045023, 110, 4, [554442, 624967]
economy : 5010359593, 174, 3, [574114, 624967]
business : 6858367833, 66, 2, [754858, 977397]
business : 6607695264, 115, 1, [525300, 260764]
economy : 3034609679, 57, 1, [143728, 977397]
business : 3624171179, 110, 2, [624967, 143728]
economy : 2249432982, 191, 1, [272725, 624967]
business : 9641298306, 162, 1, [272725, 143728]
economy : 9658725777, 99, 3, [574114, 554442]
economy : 5733604065, 176, 0, [554442, 272725]
business : 1660090540, 65, 3, [554442, 624967]
first : 2597348761, 74, 2, [574114, 624967]
economy : 2838812583, 193, 0, [754858, 878674]
business : 2730427803, 172, 1, [754858, 272725]
economy : 3092221830, 51, 4, [878674, 272725]
business : 8479891576, 191, 5, [754858, 143728]
economy : 9715214991, 82, 1, [260764, 272725]
economy : 8919683095, 128, 2, [525300, 624967]
economy : 4497135267, 140, 5, [754858, 977397]
business : 4860798865, 163, 1, [525300, 878674]
economy : 2295634857, 158, 2, [977397, 624967]
first : 6823703530, 135, 1, [624967, 260764]
economy : 4150943031, 131, 10, [260764, 525300]
economy : 1420700059, 92, 2, [554442, 143728]
business : 2017063518, 103, 2, [977397, 754858]
economy : 9635588966, 68, 1, [878674, 554442]
economy : 9501217138, 112, 6, [525300, 143728]
economy : 1317055395, 93, 4, [525300, 260764]
economy : 4289835449, 92, 2, [574114, 260764]
luxury : 8385325097, 75, 9, [878674, 574114]
economy : 7265806030, 134, 2, [554442, 143728]
economy : 6538315775, 121, 6, [754858, 977397]
economy : 4270406669, 183, 1, [754858, 525300]
economy : 4576119300, 70, 1, [525300, 624967]
economy : 6390233026, 174, 1, [878674, 143728]
business : 8588985580, 57, 2, [554442, 525300]
economy : 9417986482, 96, 2, [624967, 260764]
economy : 8308598948, 163, 0, [554442, 977397]
business : 4609631981, 54, 3, [272725, 260764]
economy : 8039000705, 200, 8, [624967, 754858]
business : 2089417582, 125, 1, [977397, 554442]
economy : 5477948575, 191, 1, [272725, 260764]
economy : 6136452633, 104, 8, [574114, 624967]
business : 6688051521, 75, 2, [878674, 260764]
economy : 1280726517, 196, 0, [260764, 554442]
economy : 4586338793, 161, 1, [554442, 977397]
economy : 2937541315, 104, 8, [574114, 272725]
economy : 8271945823, 128, 0, [754858, 525300]
business : 4808943253, 179, 1, [143728, 525300]
business : 8635446759, 198, 5, [574114, 554442]
economy : 6654414575, 70, 3, [272725, 260764]
economy : 8611161403, 68, 10, [525300, 574114]
economy : 1727888290, 157, 9, [754858, 260764]
business : 3602570571, 68, 2, [272725, 143728]
economy : 8973022117, 148, 1, [878674, 754858]
economy : 6721524301, 140, 5, [754858, 525300]
business : 2289158582, 190, 1, [574114, 554442]
economy : 6020453704, 133, 0, [525300, 977397]
economy : 9726770000, 198, 1, [554442, 272725]
economy : 6271650777, 64, 1, [977397, 260764]
economy : 7469197149, 42, 1, [525300, 143728]
economy : 9666733901, 126, 3, [525300, 977397]
economy : 6400778800, 108, 1, [143728, 272725]
economy : 2971088992, 143, 3, [525300, 574114]
economy : 4570938517, 118, 0, [143728, 754858]
economy : 8803554092, 85, 10, [554442, 143728]
economy : 6638095547, 181, 0, [260764, 754858]
economy : 1676522811, 193, 1, [977397, 143728]
economy : 3190733630, 73, 0, [525300, 272725]
economy : 1551482559, 147, 0, [143728, 878674]
economy : 2894514293, 86, 2, [574114, 143728]
business : 1533571631, 130, 1, [754858, 977397]
business : 4598004828, 198, 5, [624967, 878674]
economy : 1117388622, 58, 1, [624967, 878674]
economy : 4021522312, 134, 2, [574114, 272725]
business : 5272095230, 87, 2, [624967, 525300]
economy : 9436425353, 84, 1, [260764, 525300]
economy : 2652560339, 200, 2, [525300, 143728]
economy : 7267090344, 132, 0, [525300, 754858]
business : 6973091907, 187, 5, [143728, 574114]
first : 2957120586, 94, 0, [754858, 143728]
economy : 6656915819, 104, 0, [143728, 754858]
economy : 9227495093, 153, 2, [624967, 574114]
business : 6683472527, 141, 0, [272725, 754858]
economy : 8106877823, 111, 1, [525300, 624967]
economy : 2807255027, 79, 2, [143728, 754858]
economy : 2694683586, 89, 4, [260764, 554442]
economy : 8614482799, 84, 1, [272725, 624967]
economy : 6276971005, 98, 2, [554442, 260764]
economy : 6326288529, 101, 3, [554442, 977397]
economy : 2028256860, 110, 2, [525300, 754858]
business : 9537890546, 52, 3, [525300, 754858]
economy : 3475282230, 95, 2, [878674, 574114]
economy : 5072829800, 132, 9, [525300, 574114]
economy : 6566481392, 116, 2, [878674, 977397]
economy : 5206787001, 55, 4, [754858, 554442]
economy : 1721086638, 183, 1, [754858, 260764]
business : 6650360207, 134, 2, [878674, 143728]
economy : 5819815012, 81, 2, [554442, 754858]
business : 5530658469, 108, 5, [754858, 977397]
economy : 2139262177, 117, 2, [977397, 525300]
economy : 8613929172, 174, 1, [754858, 554442]
business : 5947053917, 149, 4, [260764, 878674]
business : 5655178625, 71, 1, [574114, 260764]
economy : 9950673213, 118, 1, [977397, 574114]
economy : 4200778172, 44, 1, [554442, 260764]
business : 1483972915, 189, 3, [525300, 554442]
economy : 9637962530, 144, 2, [977397, 624967]
economy : 5155393564, 157, 1, [525300, 754858]
economy : 6920811902, 86, 0, [525300, 754858]
economy : 6933166005, 72, 2, [754858, 143728]
economy : 1798030149, 119, 1, [878674, 554442]
business : 2344419111, 60, 7, [554442, 878674]
economy : 2831456638, 109, 4, [878674, 272725]
economy : 5421432210, 156, 2, [272725, 554442]
economy : 2624953445, 83, 1, [525300, 574114]
business : 2304350256, 172, 1, [554442, 878674]
economy : 7614567022, 145, 0, [554442, 574114]
business : 1116738583, 126, 0, [260764, 878674]
business : 4361138891, 43, 1, [977397, 260764]
economy : 7139052001, 69, 8, [525300, 272725]
economy : 7238207987, 101, 4, [260764, 977397]
economy : 8153187284, 136, 0, [574114, 525300]
economy : 3428757167, 171, 0, [272725, 878674]
economy : 9486084281, 66, 1, [574114, 878674]
economy : 3651059516, 132, 1, [977397, 754858]
economy : 6265637015, 54, 2, [754858, 574114]
economy : 2807667899, 64, 0, [754858, 624967]
economy : 7635659794, 66, 7, [554442, 574114]
economy : 4327349232, 102, 1, [554442, 624967]
luxury : 1933382665, 77, 1, [525300, 272725]
economy : 5336225506, 113, 2, [878674, 554442]
luxury : 4964921393, 144, 2, [525300, 574114]
economy : 1909788152, 91, 1, [272725, 878674]
economy : 5042111325, 152, 1, [624967, 754858]
economy : 3512579187, 148, 1, [554442, 878674]
economy : 7905301246, 149, 1, [143728, 878674]
business : 5165547764, 116, 2, [525300, 272725]
economy : 8155957714, 88, 6, [754858, 525300]
economy : 3688781540, 44, 1, [260764, 574114]
economy : 7308157659, 163, 9, [554442, 272725]
economy : 9095362507, 147, 4, [525300, 260764]
economy : 9898316088, 93, 2, [260764, 554442]
economy : 7674994681, 81, 1, [272725, 977397]
economy : 9806855553, 192, 1, [754858, 260764]
economy : 8114184520, 74, 2, [143728, 272725]
economy : 5954715319, 137, 2, [272725, 977397]
luxury : 9905409982, 187, 0, [260764, 525300]
business : 8858158760, 130, 8, [574114, 754858]
first : 3762624840, 96, 0, [143728, 272725]
first : 5264362975, 43, 5, [977397, 754858]
economy : 6716983895, 92, 0, [878674, 977397]
economy : 1992394298, 95, 2, [143728, 624967]
economy : 6919407600, 101, 0, [554442, 143728]
economy : 3704472546, 114, 1, [525300, 554442]
economy : 3629410846, 146, 4, [525300, 878674]
economy : 8400149486, 179, 2, [754858, 260764]
business : 8104732996, 185, 1, [624967, 260764]
economy : 5372640341, 145, 1, [754858, 260764]
first : 4597173369, 96, 3, [260764, 574114]
economy : 7317935582, 115, 0, [272725, 260764]
economy : 4741992632, 142, 0, [143728, 754858]
economy : 7713941080, 143, 1, [878674, 754858]
economy : 7443671263, 93, 5, [272725, 143728]
economy : 6321763867, 70, 5, [624967, 143728]
economy : 1954887578, 64, 1, [525300, 878674]
economy : 5309560639, 78, 8, [260764, 554442]
economy : 3408042917, 191, 2, [624967, 554442]
business : 8079207473, 71, 2, [143728, 754858]
economy : 6809360639, 130, 4, [977397, 143728]
economy : 7960619843, 198, 5, [260764, 977397]
economy : 2817856290, 117, 10, [878674, 574114]
economy : 4716880757, 97, 0, [525300, 878674]
economy : 1115018211, 131, 2, [272725, 143728]
economy : 6448391786, 170, 1, [272725, 525300]
economy : 3472702100, 191, 3, [272725, 525300]
economy : 1236779210, 62, 3, [574114, 878674]
economy : 2303385863, 199, 1, [574114, 754858]
economy : 7297185257, 126, 2, [525300, 878674]
economy : 8565647651, 145, 6, [260764, 574114]
business : 3339993583, 200, 4, [754858, 272725]
economy : 7458663504, 88, 2, [574114, 624967]
first : 4424847620, 157, 2, [574114, 260764]
first : 8181601214, 180, 0, [977397, 525300]
economy : 2872732218, 119, 1, [977397, 260764]
first : 7151997345, 100, 1, [624967, 878674]
business : 2346428224, 83, 1, [525300, 574114]
economy : 5230488509, 151, 3, [525300, 977397]
economy : 8664926222, 96, 1, [143728, 878674]
business : 2107187444, 88, 4, [754858, 272725]
economy : 8008952670, 132, 9, [754858, 260764]
economy : 7730406232, 92, 0, [143728, 977397]
economy : 3408472019, 45, 2, [260764, 272725]
first : 3048427892, 168, 3, [977397, 260764]
economy : 7848635812, 47, 5, [977397, 260764]
economy : 2623981299, 129, 7, [574114, 977397]
economy : 4861414833, 181, 2, [574114, 878674]
economy : 3814019431, 196, 1, [143728, 574114]
business : 9314525001, 49, 2, [624967, 977397]
economy : 1681152123, 121, 2, [624967, 878674]
economy : 5872750043, 54, 2, [624967, 754858]
luxury : 7106256808, 93, 1, [754858, 624967]
economy : 7413360974, 196, 2, [574114, 143728]
economy : 7045308532, 108, 0, [143728, 977397]
economy : 5872850356, 42, 1, [574114, 624967]
economy : 7366821124, 124, 1, [754858, 525300]
first : 2175110777, 81, 1, [574114, 977397]
economy : 1653986378, 114, 3, [574114, 977397]
economy : 6139587480, 106, 0, [272725, 260764]
business : 5120238122, 166, 3, [574114, 143728]
business : 7160461472, 116, 3, [554442, 878674]
economy : 5014762302, 80, 1, [754858, 272725]
economy : 9823073206, 137, 3, [574114, 525300]
economy : 1266164103, 66, 2, [574114, 554442]
economy : 5233042813, 125, 1, [143728, 878674]
business : 2093387858, 183, 10, [260764, 272725]
economy : 5627077214, 171, 0, [525300, 624967]
economy : 5968608313, 192, 1, [554442, 272725]
economy : 5716728918, 87, 0, [624967, 143728]
economy : 6371135138, 159, 1, [272725, 525300]
economy : 1976415603, 147, 1, [272725, 260764]
economy : 7498487816, 85, 0, [260764, 143728]
economy : 6736553105, 84, 3, [574114, 554442]
business : 8229538659, 126, 1, [272725, 878674]
economy : 5995515471, 168, 5, [977397, 754858]
first : 5113254169, 180, 1, [624967, 143728]
economy : 1540941247, 82, 0, [554442, 754858]
economy : 5220014696, 191, 4, [624967, 878674]
economy : 1659147566, 200, 2, [525300, 143728]
economy : 1394589382, 103, 0, [574114, 272725]
business : 4799832541, 176, 1, [754858, 272725]
business : 7108326100, 104, 2, [878674, 525300]
first : 5736361165, 54, 1, [878674, 754858]
economy : 1753535100, 87, 1, [260764, 574114]
economy : 6874866428, 186, 5, [554442, 574114]
economy : 5090629200, 127, 5, [272725, 260764]
business : 3774515734, 121, 10, [554442, 574114]
business : 9553122490, 135, 2, [878674, 977397]
economy : 8828450139, 72, 5, [272725, 574114]
luxury : 4996436249, 60, 3, [977397, 878674]
economy : 3950760650, 135, 1, [754858, 574114]
economy : 1270472478, 179, 9, [754858, 977397]
business : 6992064245, 97, 2, [143728, 754858]
economy : 1028429930, 129, 1, [574114, 272725]
economy : 9172452926, 117, 0, [754858, 143728]
luxury : 9845003039, 52, 0, [554442, 754858]
business : 2316923665, 101, 2, [260764, 878674]
first : 4704488036, 43, 4, [525300, 754858]
first : 8877473780, 43, 0, [754858, 977397]
economy : 2668148844, 99, 3, [754858, 260764]
business : 4597354820, 125, 0, [525300, 574114]
economy : 4569449319, 178, 1, [878674, 260764]
business : 5567738632, 138, 1, [525300, 977397]
economy : 4402427297, 196, 7, [525300, 554442]
business : 2203804634, 76, 1, [272725, 878674]
economy : 6327271428, 82, 1, [574114, 878674]
business : 3664584794, 105, 10, [878674, 260764]
economy : 8205166384, 77, 1, [754858, 143728]
economy : 1903688817, 103, 1, [624967, 878674]
first : 8823453585, 85, 4, [554442, 525300]
economy : 9617748471, 185, 1, [878674, 272725]
economy : 4368206718, 181, 1, [554442, 272725]
business : 9451960004, 114, 1, [624967, 525300]
economy : 5652186223, 77, 2, [554442, 624967]
business : 4345216125, 180, 10, [554442, 754858]
economy : 9295534968, 103, 1, [754858, 525300]
business : 3807386578, 79, 2, [143728, 754858]
economy : 7711133708, 78, 1, [525300, 143728]
economy : 1641451930, 133, 2, [525300, 143728]
first : 1574833856, 122, 6, [977397, 525300]
business : 3962966577, 86, 1, [525300, 754858]
economy : 2553769021, 52, 3, [143728, 554442]
economy : 7518132418, 69, 8, [624967, 260764]
business : 1284775106, 60, 6, [525300, 574114]
business : 9354331980, 80, 2, [525300, 260764]
economy : 7588827294, 175, 2, [272725, 624967]
business : 4894865239, 160, 1, [754858, 878674]
economy : 5652289229, 161, 1, [525300, 143728]
economy : 9737996487, 189, 2, [878674, 574114]
economy : 8244968668, 73, 6, [260764, 554442]
economy : 2204898706, 106, 8, [525300, 977397]
economy : 1619349776, 151, 2, [878674, 554442]
business : 5357730132, 186, 0, [878674, 554442]
business : 2024267824, 133, 2, [574114, 754858]
economy : 6682194078, 89, 2, [143728, 574114]
economy : 4140545027, 195, 3, [878674, 272725]
economy : 1625127937, 120, 7, [754858, 878674]
economy : 2616311587, 71, 0, [754858, 624967]
business : 4872221746, 183, 0, [754858, 272725]
economy : 4900530573, 164, 1, [624967, 554442]
business : 1762452002, 182, 2, [977397, 554442]
first : 6594565140, 184, 2, [143728, 260764]
economy : 7693951672, 145, 0, [754858, 624967]
economy : 4553330921, 102, 9, [143728, 754858]
economy : 5746242429, 193, 2, [624967, 574114]
economy : 9224804013, 100, 0, [878674, 574114]
business : 4803134353, 98, 3, [525300, 574114]
economy : 5669565864, 120, 2, [260764, 977397]
business : 6407617383, 125, 2, [878674, 554442]
business : 6841662870, 47, 2, [624967, 525300]
economy : 2769917568, 113, 1, [554442, 143728]
economy : 3854125275, 149, 7, [554442, 260764]
economy : 2787955981, 184, 2, [977397, 624967]
economy : 4556257993, 144, 2, [272725, 554442]
economy : 3827006237, 42, 2, [143728, 554442]
economy : 2173055135, 106, 0, [977397, 272725]
first : 7105464271, 125, 1, [525300, 260764]
economy : 6958842535, 110, 1, [260764, 754858]
business : 8569317396, 166, 1, [260764, 143728]
first : 8288312863, 146, 1, [143728, 624967]
economy : 6726522287, 165, 0, [143728, 624967]
business : 8217485098, 91, 1, [525300, 272725]
business : 8632268260, 162, 3, [143728, 754858]
economy : 3669527010, 74, 1, [143728, 272725]
business : 2532755154, 63, 1, [525300, 260764]
business : 3229065478, 93, 5, [554442, 525300]
economy : 5754213275, 182, 0, [977397, 143728]
business : 3433328363, 152, 6, [260764, 624967]
business : 6017705760, 171, 1, [525300, 260764]
economy : 2262765809, 176, 6, [624967, 143728]
economy : 3026084944, 155, 8, [143728, 624967]
economy : 4469330570, 104, 2, [624967, 143728]
business : 5858454690, 95, 2, [525300, 554442]
economy : 5083725555, 93, 0, [272725, 878674]
economy : 4899836007, 192, 2, [574114, 525300]
economy : 7027658629, 54, 0, [272725, 143728]
business : 4969414234, 163, 0, [977397, 260764]
economy : 4713499648, 149, 3, [574114, 754858]
economy : 4895951430, 129, 3, [260764, 624967]
economy : 3728665031, 58, 0, [878674, 143728]
economy : 9851240334, 109, 2, [554442, 574114]
business : 3986821169, 81, 10, [624967, 260764]
economy : 7027121338, 198, 1, [525300, 272725]
economy : 2228052125, 40, 1, [878674, 554442]
economy : 7166073105, 83, 1, [624967, 754858]
first : 2106940517, 50, 1, [878674, 260764]
business : 8622589518, 102, 5, [143728, 977397]
economy : 3281399976, 160, 1, [574114, 554442]
economy : 6568247086, 194, 3, [977397, 574114]
business : 7490627649, 124, 2, [143728, 878674]
economy : 1338605076, 137, 3, [525300, 624967]
luxury : 8709414715, 149, 2, [525300, 260764]
economy : 7674169453, 141, 3, [624967, 525300]
economy : 4786646558, 168, 6, [878674, 977397]
luxury : 3531841825, 168, 2, [977397, 260764]
first : 3726941463, 121, 1, [554442, 272725]
economy : 4036244580, 47, 1, [624967, 260764]
economy : 2476822191, 54, 3, [554442, 525300]
economy : 1687956570, 167, 0, [260764, 624967]
economy : 7173484219, 166, 0, [754858, 977397]
economy : 2623257577, 98, 5, [624967, 272725]
economy : 4093072066, 68, 3, [754858, 143728]
economy : 7095315066, 40, 6, [143728, 554442]
economy : 9321448450, 79, 1, [624967, 878674]
economy : 7786431954, 161, 0, [878674, 260764]
business : 9048504502, 161, 3, [574114, 272725]
economy : 3160702942, 179, 0, [554442, 260764]
business : 5878373286, 138, 1, [272725, 525300]
economy : 3799753133, 76, 2, [272725, 754858]
economy : 9481783560, 178, 6, [624967, 977397]
economy : 3195898046, 99, 1, [272725, 574114]
economy : 6044441826, 136, 2, [977397, 624967]
economy : 2630981347, 120, 0, [574114, 977397]
economy : 2206102692, 45, 4, [878674, 260764]
business : 5658482761, 41, 1, [754858, 260764]
economy : 8689718237, 71, 2, [754858, 260764]
economy : 4586693303, 61, 4, [754858, 525300]
economy : 1663652553, 182, 5, [624967, 554442]
economy : 7065154122, 113, 2, [624967, 143728]
economy : 7661752383, 155, 3, [878674, 525300]
economy : 2128138485, 118, 5, [260764, 624967]
business : 8716374824, 148, 2, [525300, 260764]
economy : 7557957794, 86, 3, [754858, 977397]
economy : 3308526713, 169, 4, [574114, 525300]
economy : 8967703767, 156, 3, [574114, 977397]
economy : 9484665942, 161, 3, [143728, 878674]
economy : 3363241625, 131, 7, [143728, 754858]
first : 4191039253, 135, 1, [754858, 878674]
economy : 8418435063, 72, 2, [574114, 624967]
economy : 8930570569, 179, 3, [525300, 624967]
economy : 9710220897, 106, 1, [525300, 143728]
economy : 5514522436, 164, 1, [878674, 624967]
business : 2069748561, 146, 3, [624967, 143728]
economy : 8621440684, 77, 7, [624967, 754858]
business : 8872702894, 105, 6, [624967, 143728]
economy : 2077602153, 53, 3, [977397, 878674]
luxury : 6250169512, 103, 0, [574114, 754858]
luxury : 8413547635, 169, 2, [554442, 977397]
economy : 4640789500, 113, 1, [624967, 525300]
economy : 9126636503, 109, 8, [272725, 525300]
economy : 1463577976, 127, 0, [574114, 754858]
economy : 1164336933, 139, 2, [272725, 525300]
economy : 8798848907, 98, 1, [878674, 272725]
economy : 7120275361, 177, 2, [574114, 272725]
first : 3509301409, 62, 7, [260764, 525300]
economy : 6070131879, 152, 2, [574114, 878674]
economy : 4817056343, 129, 10, [624967, 525300]
economy : 9414205565, 138, 2, [574114, 624967]
economy : 9518489075, 52, 2, [977397, 525300]
economy : 9321517077, 89, 0, [525300, 554442]
economy : 5016346186, 94, 10, [574114, 260764]
economy : 1742136717, 150, 0, [554442, 272725]
luxury : 9794234339, 154, 3, [525300, 554442]
economy : 2503611821, 60, 0, [977397, 143728]
luxury : 6701421078, 143, 4, [143728, 878674]
first : 6399339879, 151, 5, [878674, 525300]
economy : 1394612394, 133, 1, [977397, 143728]
business : 7170897720, 169, 7, [272725, 754858]
economy : 7352444408, 91, 2, [624967, 554442]
economy : 1910159613, 137, 2, [977397, 574114]
business : 6409329576, 83, 10, [525300, 143728]
economy : 7263530433, 184, 3, [260764, 574114]
business : 8554621096, 49, 1, [624967, 574114]
business : 1293708336, 95, 1, [143728, 260764]
economy : 1330221592, 101, 2, [624967, 525300]
economy : 3624450904, 56, 0, [143728, 260764]
business : 6246251380, 131, 4, [260764, 272725]
economy : 4207005592, 51, 1, [977397, 574114]
business : 8976147353, 100, 0, [878674, 554442]
economy : 3452487571, 96, 1, [624967, 525300]
business : 4753877164, 115, 10, [554442, 754858]
economy : 5305785593, 188, 9, [878674, 574114]
business : 3878810083, 187, 2, [272725, 525300]
economy : 8693525605, 44, 5, [525300, 574114]
economy : 6065848387, 157, 1, [525300, 143728]
economy : 7282670016, 80, 5, [624967, 574114]
economy : 7755269434, 148, 1, [574114, 143728]
economy : 6092952679, 89, 1, [260764, 977397]
economy : 4679348723, 175, 0, [574114, 260764]
economy : 5832046370, 91, 2, [260764, 754858]
economy : 6805404282, 67, 2, [143728, 260764]
economy : 2768003277, 69, 4, [554442, 260764]
economy : 1006240925, 96, 7, [977397, 878674]
economy : 1121409073, 121, 1, [624967, 878674]
luxury : 2800689470, 103, 1, [754858, 525300]
economy : 7162918973, 46, 6, [878674, 574114]
economy : 8560778392, 158, 0, [554442, 260764]
economy : 9899551569, 121, 2, [554442, 574114]
business : 2808075539, 75, 2, [143728, 878674]
business : 9739919326, 188, 10, [624967, 143728]
economy : 1716407491, 200, 0, [574114, 143728]
economy : 5417264483, 81, 1, [977397, 754858]
economy : 5793403388, 169, 3, [525300, 977397]
business : 4862909545, 155, 0, [554442, 878674]
economy : 7417207899, 199, 2, [624967, 525300]
economy : 8023304937, 134, 10, [260764, 272725]
economy : 5796078000, 120, 4, [525300, 143728]
economy : 3192399374, 111, 1, [878674, 754858]
economy : 8325486758, 116, 1, [272725, 878674]
business : 5407358093, 135, 8, [260764, 554442]
economy : 5284294058, 160, 0, [554442, 143728]
business : 8973534759, 103, 1, [525300, 272725]
first : 2785392141, 134, 6, [878674, 260764]
economy : 5252016985, 153, 0, [754858, 878674]
economy : 7516482075, 52, 3, [624967, 554442]
economy : 9220393125, 176, 2, [525300, 878674]
economy : 3744497829, 64, 5, [525300, 624967]
first : 1024702672, 125, 1, [272725, 754858]
economy : 9663492898, 43, 2, [272725, 525300]
business : 5298866848, 123, 3, [525300, 554442]
economy : 2768883419, 184, 2, [260764, 878674]
economy : 3299153133, 81, 2, [624967, 272725]
economy : 4471248805, 176, 0, [525300, 878674]
economy : 7905503454, 131, 6, [554442, 878674]
business : 8997939060, 57, 4, [272725, 143728]
first : 2141031097, 200, 3, [143728, 260764]
luxury : 4405222103, 193, 2, [272725, 878674]
business : 2861701662, 198, 2, [260764, 525300]
economy : 2745168818, 199, 2, [754858, 272725]
economy : 1341715582, 63, 2, [878674, 143728]
economy : 1181458677, 108, 2, [754858, 260764]
economy : 9941632422, 151, 3, [260764, 624967]
economy : 9049018154, 128, 1, [554442, 624967]
business : 3936629944, 188, 7, [878674, 574114]
business : 8370892516, 174, 0, [525300, 977397]
economy : 4121825732, 61, 1, [554442, 754858]
economy : 1295098090, 109, 10, [260764, 272725]
business : 3660624276, 83, 1, [272725, 754858]
economy : 3897865934, 56, 0, [260764, 754858]
economy : 5308931017, 168, 1, [574114, 143728]
economy : 5406491122, 167, 7, [272725, 143728]
economy : 2675554344, 160, 0, [260764, 272725]
economy : 4415308955, 79, 3, [878674, 143728]
economy : 7985854826, 100, 4, [574114, 878674]
economy : 6070879816, 150, 7, [878674, 525300]
economy : 6834406940, 180, 2, [977397, 525300]
economy : 6894142440, 140, 0, [525300, 272725]
first : 8616406812, 179, 2, [754858, 977397]
economy : 7679227177, 170, 2, [554442, 260764]
economy : 9320840276, 183, 3, [977397, 272725]
business : 9103162407, 173, 2, [143728, 574114]
business : 4467248016, 61, 2, [272725, 260764]
economy : 1389620385, 173, 4, [754858, 554442]
business : 3869456335, 113, 0, [977397, 624967]
economy : 4307196655, 161, 2, [143728, 525300]
economy : 1881919227, 98, 1, [977397, 624967]
economy : 2920113267, 124, 0, [977397, 554442]
economy : 4754304167, 92, 1, [977397, 143728]
economy : 4521118733, 119, 6, [143728, 272725]
economy : 4644747210, 64, 2, [624967, 554442]
economy : 4830848097, 43, 1, [977397, 574114]
business : 3363281837, 142, 1, [754858, 574114]
business : 5124374927, 78, 1, [574114, 878674]
business : 1010788519, 45, 1, [260764, 754858]
economy : 1820200594, 177, 0, [754858, 143728]
economy : 2320519535, 103, 2, [143728, 525300]
economy : 2185066416, 185, 2, [525300, 574114]
economy : 8758566020, 134, 0, [624967, 977397]
business : 9670436199, 108, 4, [754858, 554442]
economy : 4947387905, 110, 0, [574114, 754858]
economy : 5271922602, 71, 3, [272725, 525300]
economy : 1086385459, 166, 1, [624967, 878674]
economy : 7529844151, 199, 9, [272725, 574114]
first : 8340029820, 77, 1, [754858, 574114]
economy : 6018618224, 160, 2, [525300, 554442]
luxury : 9128451785, 165, 0, [260764, 977397]
business : 1666933188, 121, 2, [272725, 143728]
economy : 7396155908, 48, 2, [574114, 143728]
economy : 9660757617, 42, 2, [878674, 143728]
economy : 6232717481, 148, 7, [525300, 143728]
economy : 1661234792, 198, 2, [143728, 754858]
economy : 1264358264, 157, 3, [574114, 624967]
economy : 7757522525, 190, 5, [574114, 272725]
economy : 7604060027, 179, 5, [554442, 143728]
economy : 8480120560, 123, 4, [143728, 574114]
business : 2002537925, 124, 4, [143728, 525300]
economy : 2305056118, 171, 1, [143728, 574114]
economy : 3864975780, 73, 0, [977397, 260764]
economy : 7414694124, 82, 1, [260764, 977397]
business : 7761109135, 167, 2, [878674, 754858]
economy : 9777572484, 53, 1, [977397, 624967]
economy : 3828281794, 106, 1, [977397, 554442]
business : 4698186714, 62, 3, [143728, 878674]
economy : 6884373090, 134, 2, [624967, 878674]
economy : 5813942396, 73, 1, [574114, 272725]
economy : 1162354724, 196, 3, [272725, 977397]
economy : 5151067905, 80, 2, [272725, 554442]
business : 5519228351, 97, 1, [977397, 624967]
first : 8601681287, 65, 1, [624967, 272725]
economy : 7207493187, 71, 1, [754858, 272725]
business : 2691256373, 200, 2, [754858, 574114]
economy : 2012208856, 79, 2, [977397, 143728]
economy : 3147091099, 189, 1, [624967, 143728]
economy : 8817774629, 97, 0, [754858, 624967]
first : 2354120380, 200, 1, [977397, 574114]
first : 7540496684, 172, 7, [754858, 977397]
economy : 7217668127, 125, 2, [260764, 525300]
economy : 7589094406, 63, 5, [272725, 143728]
economy : 8242922892, 188, 1, [525300, 554442]
economy : 4411965944, 69, 5, [754858, 624967]
business : 1143591910, 59, 2, [754858, 554442]
first : 2075857026, 126, 0, [272725, 143728]
business : 8596042715, 98, 0, [574114, 554442]
economy : 6392866162, 139, 2, [260764, 754858]
first : 8792349023, 185, 6, [525300, 574114]
luxury : 5284074130, 86, 1, [260764, 143728]
economy : 2146386779, 173, 0, [574114, 754858]
economy : 3062887403, 141, 0, [525300, 878674]
economy : 4446857321, 81, 2, [624967, 272725]
business : 1317921723, 104, 1, [260764, 754858]
economy : 2363200906, 145, 0, [574114, 272725]
economy : 1575382057, 158, 2, [977397, 754858]
economy : 7960552970, 121, 1, [260764, 878674]
economy : 4376422232, 60, 2, [143728, 272725]
economy : 7592845769, 193, 4, [624967, 878674]
economy : 6073491684, 159, 1, [260764, 554442]
economy : 1997861938, 50, 2, [260764, 554442]
economy : 1211248067, 155, 2, [525300, 977397]
economy : 7531054233, 71, 5, [554442, 977397]
economy : 2900407943, 134, 0, [554442, 624967]
economy : 4135355229, 70, 5, [260764, 143728]
economy : 4712949429, 45, 0, [574114, 525300]
economy : 1467470776, 91, 1, [143728, 260764]
first : 1527340068, 155, 5, [574114, 143728]
economy : 3733156120, 145, 2, [143728, 525300]
economy : 6081823886, 197, 2, [272725, 977397]
economy : 1647232409, 192, 1, [143728, 260764]
economy : 2575837875, 41, 3, [878674, 574114]
first : 6064066160, 179, 2, [143728, 272725]
economy : 4428061747, 43, 8, [260764, 754858]
economy : 3722848580, 44, 7, [977397, 272725]
economy : 5896342925, 169, 2, [272725, 574114]
economy : 6191898112, 155, 2, [143728, 878674]
business : 8684711191, 195, 1, [878674, 272725]
business : 4296786901, 168, 1, [143728, 525300]
economy : 8672485940, 146, 1, [624967, 878674]
economy : 3273868875, 49, 2, [754858, 260764]
business : 6047961120, 73, 1, [878674, 574114]
economy : 4516132442, 124, 1, [977397, 754858]
first : 4471467823, 127, 0, [574114, 624967]
economy : 9322498561, 77, 0, [624967, 554442]
economy : 2962349837, 74, 4, [554442, 143728]
economy : 6437930255, 44, 3, [624967, 754858]
business : 8946935612, 103, 1, [574114, 525300]
economy : 6622216711, 163, 2, [878674, 143728]
economy : 8186153321, 181, 2, [977397, 624967]
economy : 1003710419, 65, 1, [754858, 554442]
economy : 2037955826, 181, 2, [525300, 878674]
economy : 7166734545, 164, 2, [574114, 977397]
economy : 9020233609, 110, 3, [977397, 878674]
economy : 6101773630, 133, 5, [754858, 977397]
business : 7012154657, 93, 1, [977397, 260764]
economy : 2327824238, 162, 2, [272725, 525300]
economy : 8716231495, 45, 3, [624967, 260764]
business : 9971654305, 195, 1, [977397, 754858]
economy : 4858749951, 184, 7, [977397, 272725]
economy : 5718472735, 103, 2, [554442, 624967]
business : 1742294551, 59, 8, [624967, 754858]
first : 7631364623, 81, 0, [624967, 272725]
business : 2516051944, 165, 1, [260764, 525300]
economy : 2561605165, 84, 3, [272725, 554442]
economy : 4066457276, 149, 3, [754858, 624967]
economy : 4713091493, 102, 3, [624967, 272725]
luxury : 9271362877, 184, 3, [554442, 143728]
economy : 7030622703, 171, 1, [754858, 624967]
economy : 2239237874, 61, 2, [977397, 554442]
economy : 8918077417, 78, 0, [143728, 554442]
economy : 5796079111, 182, 0, [878674, 624967]
economy : 6548512277, 123, 1, [574114, 272725]
economy : 9117898420, 195, 9, [272725, 878674]
economy : 5599732008, 183, 3, [272725, 754858]
economy : 8903022757, 164, 2, [260764, 272725]
economy : 8628777930, 120, 2, [574114, 754858]
economy : 2091302276, 124, 0, [143728, 260764]
business : 9068068209, 57, 3, [878674, 554442]
luxury : 5948077781, 102, 0, [260764, 574114]
business : 3656726793, 153, 1, [143728, 554442]
economy : 9865549916, 98, 1, [878674, 260764]
business : 9945446017, 171, 3, [554442, 624967]
economy : 6825646116, 159, 0, [624967, 754858]
business : 9756480780, 165, 1, [878674, 554442]
economy : 9102870851, 139, 1, [574114, 260764]
economy : 3722369152, 163, 0, [554442, 878674]
economy : 6701064560, 80, 2, [272725, 754858]
business : 7817116089, 156, 1, [878674, 272725]
economy : 4106364545, 103, 0, [574114, 977397]
economy : 3775088799, 126, 1, [977397, 624967]
economy : 3962713896, 110, 2, [977397, 525300]
economy : 4311739180, 104, 3, [525300, 143728]
economy : 1525597977, 147, 0, [525300, 977397]
economy : 2059889929, 74, 0, [554442, 624967]
economy : 6145470793, 153, 0, [554442, 143728]
business : 5704068582, 189, 1, [624967, 554442]
economy : 1117973420, 179, 2, [878674, 143728]
economy : 2436156961, 104, 1, [554442, 525300]
economy : 3734243943, 65, 1, [624967, 554442]
economy : 6887400504, 152, 0, [977397, 272725]
economy : 6947560467, 111, 1, [272725, 878674]
economy : 2394489837, 116, 1, [878674, 977397]
economy : 8321709694, 62, 2, [554442, 260764]
economy : 9599859054, 116, 1, [574114, 272725]
economy : 5126140408, 53, 3, [554442, 272725]
business : 9561041384, 68, 3, [977397, 878674]
business : 3759601338, 90, 1, [878674, 272725]
economy : 5860542126, 187, 6, [754858, 878674]
economy : 9509759210, 78, 3, [143728, 574114]
economy : 6145241654, 49, 2, [525300, 977397]
economy : 6867589363, 84, 3, [878674, 574114]
economy : 1981918923, 142, 1, [260764, 272725]
economy : 9341313160, 193, 6, [754858, 143728]
business : 6211156890, 122, 0, [272725, 525300]
economy : 8430995536, 172, 6, [624967, 554442]
economy : 5402589560, 196, 2, [878674, 624967]
economy : 5878165440, 120, 2, [525300, 272725]
business : 6015817382, 160, 0, [525300, 574114]
economy : 7959955412, 135, 5, [554442, 624967]
economy : 7562708916, 58, 1, [878674, 525300]
economy : 2234462633, 107, 2, [525300, 260764]
economy : 7281383418, 140, 5, [272725, 143728]
economy : 4515253338, 48, 1, [574114, 260764]
economy : 8697655675, 168, 2, [624967, 260764]
luxury : 8152732420, 118, 2, [260764, 272725]
business : 8587639810, 119, 1, [525300, 260764]
business : 4561605817, 69, 1, [878674, 624967]
economy : 5695376188, 181, 2, [272725, 260764]
economy : 2265887155, 96, 1, [260764, 554442]
first : 8467102621, 168, 2, [554442, 574114]
luxury : 1346325125, 152, 2, [977397, 143728]
economy : 6930865355, 173, 2, [272725, 260764]
business : 4621801343, 123, 3, [525300, 624967]
economy : 6605492361, 93, 4, [624967, 554442]
economy : 3044726230, 95, 2, [525300, 624967]
economy : 3575761961, 132, 0, [272725, 143728]
first : 7960793853, 146, 2, [624967, 878674]
economy : 5465245566, 127, 0, [143728, 977397]
economy : 1631161089, 77, 3, [624967, 878674]
economy : 9041399013, 47, 0, [574114, 977397]
economy : 9814050989, 53, 4, [525300, 143728]
business : 8816121835, 127, 2, [525300, 574114]
economy : 3608942741, 77, 2, [574114, 525300]
business : 2501738540, 168, 1, [272725, 143728]
business : 6245576688, 198, 1, [260764, 272725]
economy : 2724619494, 109, 3, [143728, 977397]
business : 6459067515, 181, 0, [754858, 878674]
business : 8885532092, 200, 0, [525300, 977397]
economy : 2821068094, 136, 1, [754858, 260764]
economy : 8949865169, 51, 0, [143728, 624967]
economy : 8895175083, 61, 1, [554442, 525300]
economy : 9650397168, 168, 4, [754858, 878674]
business : 8398726991, 186, 3, [260764, 878674]
economy : 6599613889, 77, 0, [574114, 272725]
economy : 6642423275, 108, 2, [574114, 624967]
business : 6207676904, 56, 2, [878674, 574114]
economy : 5024056861, 68, 9, [574114, 624967]
economy : 3244461058, 111, 2, [878674, 554442]
economy : 7485355472, 135, 0, [624967, 272725]
economy : 5603542181, 69, 1, [272725, 977397]
economy : 4036249146, 187, 5, [554442, 260764]
economy : 5266200315, 52, 3, [272725, 525300]
economy : 5459797116, 102, 0, [977397, 525300]
economy : 6204278801, 139, 3, [754858, 624967]
economy : 1235622871, 104, 0, [525300, 272725]
business : 9609128481, 170, 4, [143728, 754858]
business : 7769273122, 124, 2, [143728, 624967]
economy : 3105500022, 155, 4, [525300, 977397]
first : 1663477960, 182, 3, [143728, 272725]
business : 2052117258, 82, 9, [554442, 272725]
economy : 1500686747, 174, 2, [574114, 525300]
economy : 6541500940, 127, 1, [260764, 754858]
economy : 5402007341, 77, 0, [525300, 977397]
economy : 2889007753, 175, 3, [878674, 574114]
economy : 5095316634, 188, 3, [260764, 624967]
luxury : 8144872209, 129, 1, [624967, 977397]
economy : 8612426157, 60, 1, [525300, 272725]
business : 9138501245, 121, 0, [878674, 624967]
business : 5317170120, 142, 2, [977397, 260764]
economy : 5240809001, 77, 0, [878674, 624967]
business : 2576625187, 188, 1, [525300, 272725]
business : 8671284687, 44, 0, [525300, 554442]
luxury : 9920721191, 122, 4, [272725, 525300]
economy : 8552858570, 125, 0, [624967, 143728]
economy : 8116758881, 188, 2, [878674, 754858]
economy : 4345922505, 171, 2, [554442, 754858]
economy : 4968800708, 155, 2, [977397, 554442]
economy : 9842113298, 164, 2, [878674, 624967]
business : 9512425890, 132, 3, [554442, 754858]
first : 7329952315, 64, 1, [272725, 574114]
business : 8052348839, 195, 10, [260764, 754858]
economy : 2226270396, 103, 1, [878674, 754858]
economy : 6515776620, 192, 1, [977397, 143728]
economy : 6185517913, 140, 2, [574114, 977397]
economy : 9922205975, 175, 2, [143728, 878674]
luxury : 5065911398, 55, 8, [754858, 525300]
business : 7792787784, 118, 0, [574114, 754858]
economy : 8453238048, 188, 1, [260764, 143728]
economy : 4889496926, 109, 1, [272725, 977397]
business : 9354159579, 184, 0, [525300, 143728]
business : 3434119038, 42, 2, [260764, 977397]
economy : 3077307711, 147, 8, [574114, 272725]
economy : 8431830635, 85, 1, [878674, 143728]
economy : 9543709773, 121, 2, [624967, 554442]
business : 9691762286, 134, 0, [554442, 525300]
economy : 8529246518, 164, 9, [878674, 977397]
economy : 9391808059, 142, 1, [574114, 272725]
economy : 8117911881, 52, 3, [977397, 525300]
economy : 9682069567, 137, 0, [143728, 754858]
economy : 5321606673, 131, 0, [878674, 554442]
economy : 4934888602, 45, 1, [624967, 754858]
economy : 6278795395, 176, 2, [554442, 272725]
economy : 5875825520, 189, 1, [554442, 574114]
economy : 8318817082, 86, 1, [754858, 143728]
economy : 2562973441, 60, 9, [272725, 574114]
luxury : 9943786129, 135, 8, [624967, 878674]
economy : 6643098551, 83, 3, [260764, 977397]
economy : 7443003010, 123, 8, [272725, 554442]
economy : 4986270060, 120, 1, [260764, 574114]
economy : 2430451938, 134, 2, [754858, 574114]
business : 6424997782, 65, 9, [525300, 878674]
economy : 7592482582, 82, 2, [525300, 754858]
economy : 5657452935, 47, 2, [977397, 260764]
economy : 2746772607, 183, 2, [260764, 977397]
first : 9978545767, 134, 1, [525300, 260764]
economy : 5005374713, 124, 2, [878674, 624967]
economy : 8603363021, 163, 1, [624967, 143728]
economy : 8179785088, 105, 8, [525300, 143728]
economy : 7951703644, 53, 1, [977397, 574114]
economy : 8345002736, 167, 1, [624967, 574114]
economy : 8598603841, 42, 3, [143728, 754858]
business : 1778143588, 54, 2, [574114, 554442]
business : 8695635647, 161, 2, [624967, 574114]
economy : 9835886238, 93, 1, [624967, 525300]
economy : 9406239998, 153, 6, [754858, 574114]
economy : 3462209950, 140, 0, [554442, 878674]
business : 8130461380, 198, 2, [272725, 754858]
economy : 8573210412, 154, 0, [272725, 624967]
business : 8611861770, 52, 1, [260764, 878674]
economy : 2496786388, 66, 3, [754858, 878674]
business : 6316028623, 46, 1, [272725, 574114]
first : 4271338576, 113, 3, [260764, 754858]
economy : 5832118018, 151, 0, [754858, 525300]
economy : 1908193955, 179, 0, [272725, 754858]
economy : 1397500202, 85, 0, [554442, 624967]
economy : 6930261155, 188, 1, [260764, 143728]
first : 3169690781, 188, 6, [977397, 624967]
economy : 9737356260, 108, 1, [878674, 260764]
economy : 6208839535, 96, 6, [143728, 272725]
economy : 1794435235, 118, 1, [272725, 754858]
economy : 1708244911, 200, 2, [554442, 272725]
economy : 7636831844, 126, 2, [754858, 272725]
economy : 1223344040, 135, 2, [143728, 525300]
economy : 9265714363, 186, 3, [260764, 754858]
first : 5029476177, 199, 1, [272725, 977397]
business : 4759460541, 53, 0, [554442, 143728]
business : 3623519667, 122, 2, [574114, 754858]
economy : 2016400087, 150, 2, [525300, 624967]
economy : 3828846045, 57, 2, [143728, 525300]
economy : 2512615860, 112, 1, [574114, 260764]
business : 8665185550, 162, 3, [143728, 574114]
economy : 6297970581, 93, 1, [525300, 574114]
economy : 8349257967, 69, 1, [977397, 525300]
economy : 4624998762, 105, 0, [272725, 554442]
business : 6120609087, 160, 2, [754858, 554442]
economy : 5783822528, 111, 2, [554442, 260764]
economy : 8964676087, 138, 3, [260764, 977397]
economy : 1506640998, 109, 1, [260764, 554442]
economy : 4244094915, 197, 1, [525300, 554442]
economy : 1034089597, 138, 3, [260764, 143728]
economy : 9932555993, 124, 6, [624967, 977397]
luxury : 1096219027, 151, 5, [260764, 143728]
economy : 3354736678, 87, 0, [754858, 260764]
economy : 4702976422, 78, 5, [272725, 754858]
economy : 1707501598, 42, 0, [624967, 272725]
economy : 3337428560, 50, 3, [525300, 272725]
first : 8037692355, 199, 3, [525300, 143728]
economy : 3523196141, 78, 1, [754858, 624967]
economy : 6691806203, 111, 1, [754858, 272725]
economy : 8559811740, 118, 1, [574114, 554442]
economy : 5766017148, 155, 3, [878674, 624967]
economy : 9976639504, 132, 5, [554442, 878674]
economy : 6146448954, 41, 3, [977397, 624967]
economy : 2984956559, 147, 2, [260764, 272725]
economy : 7217960201, 190, 3, [554442, 574114]
economy : 7941059398, 107, 0, [754858, 878674]
economy : 1715130648, 40, 2, [878674, 554442]
business : 8416754730, 162, 3, [977397, 624967]
economy : 5817281401, 172, 9, [878674, 272725]
economy : 1981739508, 131, 1, [574114, 525300]
economy : 9458697496, 113, 0, [525300, 260764]
business : 1078915970, 49, 3, [977397, 525300]
economy : 4067570626, 159, 1, [260764, 525300]
economy : 2397555638, 163, 1, [574114, 272725]
economy : 9869751366, 194, 9, [272725, 754858]
economy : 3036526951, 155, 1, [624967, 525300]
luxury : 3967008667, 199, 2, [554442, 260764]
economy : 6014863460, 80, 0, [272725, 754858]
economy : 5435976879, 87, 3, [272725, 878674]
business : 4246846669, 109, 2, [260764, 624967]
economy : 8580479137, 179, 3, [554442, 754858]
business : 3877171979, 181, 2, [525300, 574114]
economy : 4158490029, 101, 0, [525300, 574114]
economy : 2865698433, 186, 8, [977397, 754858]
economy : 2847269259, 143, 1, [260764, 624967]
economy : 7301696716, 155, 2, [878674, 143728]
first : 5438130397, 139, 2, [574114, 525300]
business : 4960219431, 109, 2, [977397, 525300]
first : 1578529759, 166, 1, [554442, 754858]
economy : 4502302322, 106, 6, [574114, 977397]
economy : 6592661379, 85, 1, [878674, 977397]
economy : 7824709779, 72, 2, [754858, 272725]
economy : 9191312737, 51, 2, [977397, 624967]
business : 7627762078, 56, 2, [574114, 554442]
economy : 7675042027, 103, 3, [878674, 574114]
economy : 5426019661, 172, 1, [525300, 272725]
business : 7333509521, 55, 7, [260764, 143728]
economy : 3075320139, 82, 2, [977397, 574114]
economy : 2075713025, 79, 0, [977397, 260764]
economy : 2616608376, 84, 8, [574114, 554442]
business : 4053507685, 89, 1, [554442, 525300]
business : 3427247011, 143, 2, [260764, 272725]
economy : 2852447580, 79, 3, [143728, 272725]
first : 7225886619, 64, 6, [525300, 554442]
economy : 3920273735, 101, 3, [574114, 754858]
economy : 9757123315, 140, 1, [272725, 574114]
business : 3357010914, 160, 0, [143728, 574114]
business : 2999802749, 65, 1, [554442, 143728]
economy : 9173857868, 132, 1, [624967, 878674]
economy : 4281233334, 197, 1, [624967, 143728]
economy : 7305593214, 190, 1, [977397, 574114]
economy : 1624826882, 72, 2, [878674, 624967]
economy : 6159829456, 49, 1, [754858, 554442]
economy : 5908877880, 40, 2, [624967, 525300]
economy : 7716578420, 196, 4, [624967, 754858]
business : 9587094059, 59, 1, [878674, 554442]
economy : 1299269753, 149, 7, [878674, 977397]
economy : 7570445091, 199, 1, [554442, 574114]
business : 1241752298, 89, 1, [754858, 977397]
economy : 8310724968, 62, 3, [754858, 574114]
business : 7173942916, 110, 5, [754858, 977397]
business : 8739468573, 106, 2, [143728, 272725]
luxury : 3824584051, 108, 0, [143728, 525300]
economy : 4141476669, 118, 1, [574114, 878674]
business : 6035195031, 194, 2, [977397, 624967]
economy : 7573393571, 147, 10, [977397, 878674]
economy : 8331311258, 101, 1, [977397, 143728]
economy : 8877230942, 184, 2, [554442, 143728]
economy : 8503602711, 179, 5, [260764, 554442]
economy : 8183956468, 153, 0, [525300, 754858]
economy : 5645504970, 188, 1, [260764, 624967]
business : 4468183718, 155, 1, [525300, 143728]
luxury : 6207906473, 103, 1, [878674, 143728]
economy : 5546903409, 100, 3, [574114, 754858]
economy : 1081673044, 174, 0, [554442, 624967]
economy : 7152728742, 158, 10, [624967, 574114]
economy : 5991995387, 44, 1, [574114, 525300]
economy : 6836787983, 195, 6, [574114, 624967]
business : 9810099379, 165, 3, [554442, 272725]
business : 3223012585, 138, 2, [574114, 977397]
first : 7242565842, 152, 10, [143728, 260764]
business : 8683232333, 40, 1, [554442, 574114]
economy : 9578418009, 158, 0, [525300, 977397]
business : 3343076388, 101, 0, [754858, 525300]
economy : 8054808463, 75, 0, [754858, 878674]
business : 6094100772, 160, 10, [977397, 260764]
business : 4205442519, 84, 3, [574114, 554442]
economy : 1783460519, 61, 1, [574114, 878674]
business : 7809863232, 142, 3, [525300, 143728]
economy : 1010775320, 105, 1, [878674, 525300]
economy : 8569670979, 111, 3, [574114, 554442]
economy : 2454041766, 152, 2, [977397, 272725]
economy : 3517903529, 47, 3, [624967, 574114]
business : 5574447921, 87, 4, [272725, 878674]
economy : 6339116469, 72, 2, [754858, 260764]
economy : 7299440121, 183, 4, [143728, 272725]
economy : 1375084263, 160, 1, [754858, 574114]
economy : 9027412652, 147, 1, [574114, 878674]
economy : 3166283479, 157, 3, [624967, 272725]
economy : 5819414795, 109, 1, [272725, 574114]
economy : 6821988476, 49, 1, [977397, 143728]
business : 6899808422, 171, 2, [554442, 143728]
economy : 1270268527, 94, 0, [977397, 878674]
business : 5708984998, 183, 3, [574114, 624967]
economy : 3901709388, 129, 0, [977397, 624967]
economy : 8998948146, 190, 1, [624967, 554442]
economy : 4687744330, 44, 0, [554442, 525300]
economy : 9205562231, 105, 3, [754858, 260764]
economy : 1926483157, 157, 2, [754858, 977397]
economy : 4913512395, 168, 2, [878674, 260764]
economy : 6305128852, 71, 0, [574114, 624967]
economy : 4592466848, 57, 2, [260764, 754858]
economy : 9268535355, 97, 1, [525300, 754858]
economy : 5383372679, 181, 1, [260764, 977397]
economy : 1800434503, 155, 1, [977397, 260764]
business : 5106194964, 48, 2, [260764, 525300]
business : 2685664512, 138, 2, [574114, 143728]
economy : 3103059127, 137, 2, [272725, 977397]
economy : 8742478558, 127, 1, [977397, 624967]
economy : 6574705537, 137, 2, [754858, 878674]
economy : 8001371990, 154, 2, [878674, 624967]
economy : 2105465777, 41, 10, [554442, 525300]
economy : 1316025909, 149, 3, [624967, 574114]
economy : 1530788177, 133, 2, [574114, 878674]
economy : 2744531144, 182, 0, [554442, 754858]
economy : 7497968847, 176, 3, [143728, 878674]
business : 1135017748, 155, 1, [574114, 754858]
economy : 9292635573, 166, 1, [554442, 260764]
business : 5711977068, 100, 2, [260764, 574114]
economy : 2832808333, 81, 5, [554442, 754858]
business : 1664292991, 170, 0, [624967, 977397]
economy : 7879562322, 48, 6, [754858, 272725]
economy : 4627969393, 178, 2, [754858, 554442]
economy : 8619650140, 80, 2, [977397, 525300]
economy : 1117303342, 80, 1, [260764, 272725]
business : 5614146264, 127, 2, [272725, 554442]
economy : 7538106713, 163, 1, [260764, 574114]
luxury : 7608200201, 184, 1, [260764, 754858]
economy : 4141750789, 92, 2, [272725, 525300]
economy : 6874566276, 175, 2, [878674, 977397]
economy : 6630562954, 173, 7, [272725, 525300]
economy : 4212482688, 98, 0, [977397, 260764]
economy : 9369572890, 176, 3, [977397, 754858]
luxury : 4019049874, 65, 2, [574114, 525300]
economy : 2084189513, 123, 3, [878674, 754858]
economy : 2794364698, 199, 2, [525300, 272725]
economy : 2687408383, 121, 1, [143728, 554442]
economy : 2922427380, 175, 3, [260764, 878674]
economy : 2442542774, 122, 0, [977397, 554442]
business : 4494003416, 197, 9, [878674, 554442]
first : 6871365536, 98, 7, [554442, 574114]
economy : 9705985635, 71, 4, [143728, 525300]
business : 1362034085, 112, 0, [624967, 143728]
economy : 1204485451, 65, 3, [574114, 754858]
economy : 1895708699, 50, 1, [574114, 272725]
economy : 8431772211, 178, 2, [554442, 272725]
economy : 3931922898, 55, 1, [624967, 574114]
economy : 9340335206, 178, 2, [574114, 977397]
economy : 4955837615, 44, 9, [977397, 624967]
economy : 6104760228, 66, 9, [878674, 574114]
business : 5174232140, 186, 1, [260764, 977397]
first : 9610564603, 92, 0, [878674, 554442]
economy : 9745088490, 106, 2, [260764, 525300]
business : 7391475465, 146, 7, [143728, 624967]
first : 5874614741, 100, 3, [624967, 554442]
economy : 5986167745, 85, 3, [272725, 878674]
economy : 2219517438, 167, 9, [143728, 574114]
first : 5999640094, 166, 3, [260764, 977397]
business : 6565626467, 142, 3, [143728, 554442]
economy : 6742728233, 142, 1, [554442, 525300]
economy : 5559300503, 193, 1, [977397, 754858]
economy : 8676261212, 76, 9, [260764, 525300]
economy : 6782713951, 127, 3, [260764, 272725]
first : 7647518709, 66, 1, [977397, 624967]
economy : 4573113245, 85, 1, [554442, 143728]
economy : 4867765005, 98, 1, [754858, 554442]
business : 8330127086, 179, 2, [525300, 624967]
business : 8480548112, 70, 1, [272725, 574114]
economy : 3565750498, 107, 8, [878674, 977397]
economy : 5187328466, 138, 1, [525300, 554442]
business : 9072856672, 101, 2, [574114, 754858]
economy : 5789783554, 116, 6, [143728, 754858]
economy : 3950068875, 136, 0, [574114, 272725]
economy : 5847797426, 94, 2, [574114, 977397]
economy : 6737705087, 92, 0, [272725, 878674]
business : 8534057250, 71, 5, [525300, 143728]
economy : 7024426314, 79, 1, [624967, 977397]
economy : 7586070811, 177, 1, [525300, 574114]
economy : 7267557807, 164, 2, [754858, 878674]
economy : 6978915245, 196, 9, [525300, 754858]
business : 2786545434, 117, 1, [574114, 525300]
economy : 3459384263, 53, 1, [754858, 977397]
economy : 9955696393, 142, 4, [624967, 574114]
luxury : 1466363942, 105, 1, [260764, 754858]
business : 4822271675, 93, 2, [525300, 977397]
business : 1397211328, 93, 2, [754858, 260764]
economy : 5246702861, 173, 1, [878674, 525300]
business : 4187285927, 60, 2, [574114, 624967]
economy : 8719741593, 128, 0, [554442, 574114]
first : 9619565139, 122, 3, [260764, 525300]
economy : 6630126603, 171, 3, [272725, 754858]
economy : 6575821444, 70, 2, [554442, 977397]
economy : 1042278206, 87, 1, [260764, 977397]
economy : 4043049604, 116, 1, [878674, 554442]
business : 5728995143, 91, 10, [260764, 143728]
business : 5307371389, 172, 2, [878674, 574114]
economy : 3623428991, 83, 0, [574114, 754858]
economy : 1330873115, 197, 0, [624967, 574114]
economy : 9690636919, 179, 2, [554442, 143728]
business : 3686970743, 182, 0, [554442, 272725]
economy : 2946457645, 104, 2, [143728, 554442]
economy : 1202743837, 73, 10, [525300, 260764]
business : 7729745319, 41, 3, [878674, 754858]
economy : 5811948159, 140, 1, [624967, 525300]
economy : 5590717598, 117, 2, [143728, 624967]
economy : 1891953834, 128, 2, [260764, 574114]
first : 9512348097, 85, 1, [624967, 878674]
economy : 4895608031, 118, 1, [977397, 525300]
business : 1497940780, 97, 2, [554442, 754858]
economy : 2365575382, 65, 7, [878674, 260764]
business : 7987788689, 81, 9, [574114, 260764]
economy : 1213833945, 197, 1, [260764, 272725]
business : 1598846790, 125, 1, [272725, 878674]
business : 3616787407, 117, 6, [754858, 878674]
economy : 5429587839, 160, 1, [272725, 260764]
economy : 1728358395, 65, 10, [878674, 754858]
business : 8778890161, 108, 3, [977397, 525300]
economy : 5430922171, 195, 2, [754858, 878674]
economy : 8866482242, 165, 10, [574114, 525300]
economy : 9024253407, 45, 1, [624967, 525300]
economy : 7858448611, 163, 0, [143728, 260764]
economy : 9235121524, 187, 3, [272725, 624967]
economy : 6603289221, 143, 7, [574114, 977397]
first : 8539846909, 122, 2, [624967, 754858]
economy : 8414922468, 89, 2, [754858, 260764]
economy : 1995968628, 103, 1, [574114, 624967]
economy : 7085593478, 114, 1, [554442, 143728]
business : 5410790898, 153, 2, [878674, 260764]
economy : 3575104861, 189, 0, [272725, 143728]
economy : 7130342338, 115, 3, [525300, 878674]
business : 6716974388, 89, 8, [554442, 624967]
economy : 9450168602, 104, 2, [260764, 554442]
business : 1741687961, 134, 2, [260764, 272725]
economy : 7974355070, 64, 1, [143728, 272725]
economy : 5726523468, 50, 1, [554442, 878674]
first : 8919649719, 47, 0, [977397, 272725]
economy : 3139492166, 128, 5, [977397, 754858]
economy : 9856015899, 101, 7, [977397, 624967]
economy : 9635739239, 158, 0, [624967, 977397]
economy : 3679808705, 89, 1, [878674, 624967]
economy : 8152420905, 181, 3, [272725, 525300]
economy : 7805078945, 104, 2, [754858, 878674]
economy : 5525153384, 175, 0, [272725, 574114]
economy : 4280032406, 65, 1, [878674, 554442]
economy : 7665967994, 106, 2, [554442, 574114]
economy : 4754466815, 40, 2, [143728, 554442]
economy : 7112322643, 80, 0, [260764, 624967]
economy : 6420700343, 50, 1, [574114, 525300]
economy : 5767374840, 123, 2, [554442, 260764]
economy : 7313042733, 132, 1, [878674, 272725]
economy : 6391631617, 96, 1, [272725, 878674]
economy : 9213062035, 96, 4, [554442, 754858]
luxury : 5983643512, 43, 8, [143728, 260764]
economy : 8312616562, 58, 0, [525300, 554442]
economy : 8836548502, 80, 0, [754858, 143728]
economy : 4376612011, 170, 2, [272725, 624967]
economy : 3113211482, 124, 1, [878674, 977397]
business : 9234391463, 56, 8, [574114, 754858]
economy : 3119879338, 40, 2, [525300, 977397]
economy : 1116859653, 93, 1, [143728, 525300]
economy : 5492220986, 41, 4, [260764, 525300]
business : 8765330558, 171, 0, [143728, 878674]
economy : 1958950588, 131, 4, [878674, 272725]
luxury : 7691578602, 94, 2, [624967, 878674]
economy : 4845646172, 95, 1, [525300, 554442]
economy : 1382452300, 171, 1, [977397, 574114]
economy : 5761142205, 152, 1, [143728, 554442]
business : 2768776161, 44, 3, [143728, 977397]
economy : 4515020005, 85, 1, [525300, 554442]
economy : 8981050726, 149, 2, [878674, 143728]
first : 8275003766, 112, 1, [878674, 574114]
first : 8337544341, 94, 2, [574114, 624967]
economy : 2743024638, 70, 4, [260764, 878674]
economy : 5870280624, 178, 2, [624967, 525300]
economy : 6170320172, 192, 2, [878674, 624967]
economy : 6589981982, 119, 0, [624967, 754858]
first : 3656044269, 98, 2, [754858, 554442]
first : 9615538430, 59, 2, [554442, 143728]
economy : 6305191144, 107, 2, [143728, 977397]
first : 3934727589, 182, 1, [260764, 754858]
economy : 7257442112, 177, 0, [260764, 554442]
economy : 6959203166, 152, 1, [143728, 754858]
economy : 8512163392, 134, 5, [754858, 260764]
economy : 5668216792, 81, 1, [554442, 272725]
economy : 4420209807, 123, 2, [574114, 624967]
economy : 2635274138, 71, 1, [878674, 554442]
economy : 4661843020, 75, 3, [554442, 272725]
economy : 8824315786, 47, 1, [574114, 878674]
economy : 6018473191, 141, 0, [554442, 754858]
economy : 4100152898, 138, 3, [272725, 754858]
luxury : 9032616258, 132, 1, [260764, 878674]
economy : 1500800257, 159, 1, [624967, 525300]
economy : 9830611927, 164, 3, [525300, 878674]
economy : 6046442882, 165, 5, [525300, 272725]
economy : 3838030961, 107, 2, [878674, 260764]
first : 8842263492, 42, 3, [143728, 624967]
luxury : 2092345477, 63, 1, [878674, 624967]
economy : 4483768874, 89, 5, [143728, 525300]
economy : 5650173825, 109, 3, [272725, 260764]
economy : 6492724447, 111, 3, [260764, 143728]
economy : 6957875556, 173, 1, [525300, 260764]
economy : 6252133382, 158, 2, [574114, 525300]
economy : 7011326247, 82, 0, [143728, 525300]
first : 6813616039, 103, 1, [977397, 525300]
economy : 1283691827, 108, 2, [977397, 143728]
economy : 7334037118, 164, 0, [143728, 525300]
economy : 1557533246, 102, 1, [878674, 143728]
luxury : 9217325162, 186, 1, [624967, 574114]
economy : 5778271568, 88, 3, [624967, 260764]
economy : 7633293667, 179, 3, [143728, 977397]
economy : 6646834047, 86, 0, [260764, 272725]
first : 9477235918, 143, 2, [624967, 574114]
luxury : 3152666401, 139, 1, [624967, 878674]
economy : 2912147606, 143, 3, [554442, 977397]
economy : 2177643491, 88, 8, [624967, 554442]
economy : 9809722465, 73, 2, [554442, 525300]
first : 9865238633, 106, 2, [754858, 624967]
economy : 9415565030, 168, 1, [143728, 977397]
business : 1877227988, 102, 4, [272725, 977397]
business : 8399248654, 120, 2, [143728, 272725]
business : 5687199075, 188, 3, [878674, 554442]
economy : 6317658293, 47, 2, [272725, 624967]
first : 4060081820, 72, 7, [260764, 525300]
economy : 6692040573, 172, 1, [754858, 624967]
economy : 5989950925, 95, 3, [754858, 554442]
luxury : 7543255826, 65, 1, [554442, 878674]
economy : 8028482236, 166, 2, [878674, 272725]
economy : 6729906119, 87, 1, [977397, 624967]
economy : 2980308598, 93, 2, [260764, 624967]
luxury : 2565973520, 142, 1, [260764, 143728]
luxury : 7535214008, 186, 1, [624967, 525300]
economy : 3121686111, 157, 2, [143728, 624967]
first : 7453113826, 187, 2, [272725, 878674]
economy : 7532398291, 159, 5, [754858, 525300]
economy : 6290862638, 180, 2, [260764, 754858]
economy : 2568129963, 89, 0, [574114, 525300]
economy : 8866345783, 151, 2, [143728, 878674]
economy : 1726470906, 184, 5, [754858, 143728]
economy : 7022090235, 56, 5, [574114, 143728]
economy : 2990927974, 85, 1, [143728, 977397]
economy : 3696258976, 138, 10, [977397, 272725]
economy : 8594540347, 181, 2, [977397, 143728]
economy : 4458995419, 168, 3, [574114, 624967]
economy : 3671251381, 83, 0, [272725, 554442]
economy : 9764931601, 168, 1, [272725, 260764]
economy : 2848947213, 74, 2, [143728, 574114]
economy : 3321174638, 101, 0, [525300, 143728]
economy : 7082771231, 157, 2, [574114, 525300]
economy : 4322346165, 124, 0, [624967, 754858]
business : 3441167431, 191, 1, [878674, 272725]
economy : 2466040011, 155, 0, [624967, 554442]
luxury : 6832010483, 85, 1, [754858, 272725]
business : 2254539707, 42, 0, [754858, 260764]
economy : 8333300032, 185, 3, [624967, 272725]
economy : 1573532097, 160, 1, [977397, 143728]
economy : 1579071392, 73, 1, [272725, 878674]
economy : 6013740285, 106, 2, [554442, 624967]
business : 2042235280, 172, 5, [143728, 554442]
economy : 4525999654, 108, 2, [143728, 977397]
economy : 5994605246, 75, 4, [554442, 878674]
economy : 3760727306, 43, 5, [878674, 574114]
economy : 9564573975, 144, 1, [624967, 574114]
first : 8026959730, 75, 2, [624967, 554442]
economy : 8450078837, 90, 2, [525300, 272725]
economy : 4735958793, 71, 1, [574114, 272725]
economy : 1740764131, 189, 8, [554442, 525300]
economy : 6975759909, 80, 3, [525300, 977397]
economy : 1496664482, 60, 2, [878674, 754858]
luxury : 4335292047, 109, 1, [754858, 878674]
economy : 1219208920, 99, 5, [554442, 977397]
business : 8576056102, 94, 1, [574114, 525300]
economy : 2999833608, 120, 0, [260764, 624967]
economy : 8225294893, 186, 5, [574114, 272725]
business : 9214033858, 129, 2, [272725, 525300]
business : 7638051692, 63, 1, [624967, 260764]
economy : 5193445162, 102, 2, [624967, 878674]
business : 9744398915, 141, 1, [977397, 554442]
first : 6140372242, 97, 3, [260764, 143728]
economy : 7971463472, 114, 1, [574114, 624967]
economy : 4412110678, 179, 1, [525300, 272725]
economy : 2846368232, 75, 2, [574114, 878674]
economy : 9993586981, 147, 3, [143728, 554442]
economy : 3447748727, 172, 3, [754858, 977397]
business : 2973069852, 99, 1, [754858, 878674]
economy : 3131677309, 120, 10, [574114, 272725]
economy : 3140998331, 173, 3, [525300, 754858]
economy : 3484031114, 180, 2, [143728, 977397]
economy : 6588664937, 98, 3, [878674, 977397]
economy : 2803080397, 185, 8, [977397, 878674]
economy : 8090187194, 195, 10, [143728, 554442]
economy : 1264885648, 162, 2, [574114, 525300]
economy : 2325523601, 144, 1, [525300, 624967]
business : 9131518087, 63, 1, [272725, 554442]
economy : 8200310895, 57, 6, [260764, 143728]
economy : 1369077804, 109, 2, [977397, 624967]
first : 1314713224, 84, 1, [878674, 624967]
economy : 7039710453, 57, 2, [143728, 260764]
luxury : 6691568852, 144, 0, [525300, 878674]
economy : 4012427642, 129, 1, [554442, 574114]
economy : 2630826778, 174, 2, [260764, 554442]
economy : 3892406235, 133, 2, [574114, 143728]
economy : 8903569694, 106, 0, [525300, 272725]
economy : 9160442397, 182, 1, [754858, 977397]
economy : 5750028806, 116, 0, [574114, 878674]
economy : 5909294094, 83, 2, [525300, 574114]
luxury : 3973389438, 106, 1, [624967, 977397]
economy : 8399984407, 52, 1, [143728, 554442]
economy : 4032330087, 176, 0, [977397, 574114]
economy : 6692956324, 125, 2, [272725, 260764]
economy : 6174569048, 73, 1, [525300, 754858]
economy : 3686927201, 43, 2, [260764, 574114]
economy : 5839015700, 152, 1, [574114, 260764]
economy : 3743619397, 168, 10, [878674, 574114]
economy : 2866680914, 41, 0, [624967, 260764]
economy : 5373447505, 149, 2, [878674, 554442]
business : 6858205625, 93, 2, [574114, 525300]
economy : 8807092194, 150, 0, [977397, 624967]
economy : 1048859035, 48, 9, [272725, 624967]
economy : 1754771873, 57, 1, [574114, 525300]
economy : 9363300187, 155, 3, [554442, 574114]
economy : 7919962780, 168, 0, [525300, 977397]
business : 9481418826, 116, 0, [574114, 260764]
luxury : 4548067077, 140, 2, [754858, 272725]
economy : 9519966490, 147, 10, [878674, 624967]
economy : 2654299314, 148, 1, [272725, 143728]
economy : 7922840395, 45, 3, [624967, 272725]
economy : 4923289255, 179, 2, [260764, 143728]
economy : 8376411128, 41, 2, [143728, 272725]
economy : 2481393780, 71, 2, [574114, 272725]
economy : 2099943630, 137, 3, [525300, 272725]
business : 1945331946, 170, 3, [878674, 977397]
economy : 4151209591, 200, 1, [525300, 977397]
economy : 3329518673, 162, 1, [260764, 878674]
economy : 1128795018, 141, 1, [554442, 143728]
economy : 3558434204, 179, 6, [260764, 143728]
economy : 4784574822, 124, 2, [272725, 260764]
luxury : 7578615596, 184, 3, [878674, 977397]
economy : 6504824469, 117, 2, [977397, 624967]
economy : 8507759541, 172, 2, [525300, 574114]
business : 4000344178, 61, 5, [977397, 754858]
business : 3145751983, 107, 0, [624967, 272725]
economy : 6431171426, 102, 5, [554442, 754858]
business : 6590945603, 54, 5, [624967, 977397]
luxury : 1739820195, 147, 1, [878674, 554442]
economy : 5087664705, 48, 6, [260764, 977397]
business : 5500497565, 83, 1, [272725, 525300]
economy : 7253958523, 136, 3, [554442, 878674]
business : 8627909963, 86, 2, [574114, 143728]
business : 7699896994, 52, 9, [554442, 878674]
economy : 8972462472, 94, 0, [272725, 525300]
economy : 2205978698, 173, 0, [878674, 977397]
business : 3814577706, 78, 0, [143728, 977397]
economy : 8260954747, 89, 0, [878674, 554442]
business : 4457221863, 96, 2, [554442, 272725]
economy : 1833865086, 116, 2, [977397, 525300]
economy : 7365433278, 171, 3, [143728, 754858]
economy : 5751632953, 114, 10, [143728, 754858]
economy : 1409456385, 154, 1, [272725, 624967]
economy : 7210911547, 96, 9, [143728, 525300]
economy : 8091011233, 123, 2, [977397, 754858]
economy : 5831635372, 91, 1, [624967, 554442]
economy : 5617897004, 64, 7, [143728, 977397]
economy : 5828037218, 178, 1, [878674, 143728]
economy : 2591860969, 52, 6, [554442, 143728]
business : 7451886065, 126, 1, [260764, 525300]
economy : 6801396424, 177, 2, [977397, 554442]
economy : 1204611715, 111, 3, [272725, 624967]
economy : 8879805054, 135, 7, [977397, 554442]
economy : 3215494815, 124, 2, [977397, 525300]
economy : 6048563576, 163, 2, [525300, 624967]
economy : 9684929023, 197, 0, [272725, 624967]
business : 5776818679, 71, 2, [260764, 754858]
economy : 6363341000, 162, 2, [624967, 754858]
economy : 1970709734, 40, 1, [554442, 878674]
luxury : 9929201495, 199, 1, [574114, 878674]
economy : 4190512169, 68, 2, [977397, 525300]
first : 9016148240, 186, 0, [143728, 554442]
economy : 9085969647, 171, 10, [977397, 272725]
economy : 8145995925, 150, 10, [977397, 272725]
economy : 7279528705, 69, 2, [624967, 143728]
economy : 7437562345, 53, 1, [754858, 554442]
economy : 2556736786, 172, 1, [574114, 754858]
economy : 4679250626, 175, 3, [878674, 260764]
business : 6300004562, 62, 1, [574114, 554442]
economy : 6087152440, 64, 7, [260764, 977397]
economy : 6597881708, 96, 1, [574114, 878674]
first : 7523568520, 62, 0, [143728, 272725]
economy : 4978856928, 130, 2, [272725, 624967]
economy : 8751381287, 72, 1, [977397, 574114]
economy : 8129699455, 196, 2, [754858, 525300]
economy : 1121398333, 102, 1, [574114, 554442]
economy : 2595434340, 40, 2, [143728, 260764]
economy : 5796108004, 167, 0, [260764, 574114]
economy : 5320418067, 154, 2, [574114, 143728]
economy : 6146386923, 138, 3, [977397, 272725]
economy : 5450700894, 130, 0, [624967, 260764]
first : 8309278501, 104, 2, [272725, 554442]
economy : 2879343711, 138, 6, [143728, 272725]
first : 3985622626, 82, 0, [754858, 624967]
economy : 2385750960, 107, 9, [260764, 754858]
business : 4954414603, 83, 2, [977397, 554442]
economy : 7792284732, 57, 1, [574114, 272725]
business : 4519298747, 57, 0, [554442, 260764]
economy : 9960181698, 197, 3, [143728, 525300]
economy : 3259303790, 128, 6, [624967, 143728]
economy : 4725912395, 197, 1, [554442, 272725]
economy : 5013801831, 84, 1, [574114, 977397]
economy : 1244956640, 117, 1, [272725, 574114]
first : 2696009164, 88, 1, [554442, 260764]
business : 2431782753, 162, 0, [143728, 624967]
luxury : 9885300384, 159, 2, [574114, 260764]
economy : 7235790878, 111, 2, [878674, 624967]
economy : 9959709638, 93, 0, [754858, 624967]
economy : 5597532496, 65, 1, [272725, 525300]
economy : 9484176807, 195, 5, [574114, 754858]
economy : 9137472631, 114, 0, [574114, 143728]
economy : 8376322567, 144, 2, [977397, 272725]
economy : 9536823915, 80, 0, [574114, 525300]
economy : 1919258340, 171, 2, [624967, 260764]
economy : 8354301054, 53, 1, [574114, 977397]
economy : 1169631944, 158, 0, [624967, 878674]
business : 7860480641, 95, 2, [878674, 272725]
economy : 8799500906, 112, 2, [977397, 525300]
business : 5485658984, 107, 1, [878674, 754858]
economy : 7397474765, 163, 1, [624967, 554442]
economy : 8314437553, 167, 3, [554442, 878674]
economy : 3199706602, 180, 5, [525300, 143728]
business : 9975848075, 98, 1, [143728, 260764]
economy : 8540253575, 59, 0, [977397, 554442]
economy : 3630039490, 80, 5, [977397, 260764]
business : 6968174793, 141, 2, [272725, 754858]
economy : 6148860840, 108, 2, [272725, 143728]
economy : 9549344386, 146, 2, [754858, 272725]
economy : 6072474069, 95, 1, [977397, 754858]
economy : 6921998702, 155, 0, [754858, 554442]
first : 4812887192, 177, 0, [525300, 574114]
economy : 5260546884, 108, 4, [754858, 878674]
economy : 9451916484, 146, 2, [260764, 574114]
first : 9729452054, 198, 2, [977397, 272725]
business : 3281746480, 157, 0, [977397, 554442]
economy : 3927613278, 197, 1, [143728, 525300]
economy : 5837245705, 153, 0, [624967, 525300]
luxury : 6292892792, 59, 8, [624967, 260764]
first : 5423026339, 187, 10, [574114, 272725]
business : 8718740647, 118, 4, [624967, 878674]
economy : 5035275500, 53, 2, [977397, 143728]
business : 6749992721, 114, 0, [272725, 525300]
economy : 8437440053, 158, 1, [754858, 574114]
economy : 8286689014, 115, 2, [143728, 272725]
economy : 6920668141, 94, 2, [525300, 574114]
economy : 9762012104, 191, 3, [754858, 143728]
economy : 4287391011, 141, 5, [272725, 878674]
economy : 7072108750, 114, 0, [878674, 143728]
economy : 5332312718, 42, 2, [574114, 272725]
economy : 5163854903, 152, 7, [554442, 624967]
business : 7755713301, 126, 3, [143728, 260764]
business : 6020315794, 134, 3, [143728, 878674]
economy : 3438979960, 53, 1, [272725, 554442]
business : 7699007199, 83, 4, [624967, 554442]
economy : 5012076260, 196, 2, [754858, 574114]
first : 7561088677, 134, 0, [260764, 525300]
economy : 6609988427, 172, 2, [272725, 624967]
economy : 7675163935, 92, 1, [554442, 977397]
first : 8264691878, 103, 8, [977397, 554442]
economy : 7086589907, 154, 2, [554442, 260764]
economy : 6134181557, 193, 1, [525300, 977397]
business : 3394396315, 161, 3, [260764, 977397]
economy : 8605157834, 142, 7, [878674, 143728]
economy : 9226236915, 198, 2, [878674, 574114]
economy : 9140891735, 48, 2, [554442, 260764]
economy : 7220453003, 62, 0, [574114, 878674]
economy : 5041177688, 145, 1, [525300, 272725]
economy : 5062905373, 124, 1, [878674, 143728]
economy : 1926175666, 105, 3, [525300, 260764]
economy : 2279711179, 150, 4, [878674, 554442]
business : 9794531169, 112, 1, [624967, 977397]
economy : 3112202302, 197, 0, [977397, 143728]
economy : 6398439930, 175, 4, [272725, 754858]
economy : 1883936976, 163, 1, [554442, 624967]
economy : 8098001535, 127, 0, [574114, 878674]
economy : 1583718509, 47, 1, [525300, 878674]
economy : 1903129982, 184, 2, [143728, 525300]
luxury : 4663312474, 81, 1, [754858, 272725]
economy : 6149070774, 197, 1, [525300, 624967]
economy : 4112578410, 137, 5, [878674, 272725]
economy : 1082934494, 164, 4, [260764, 143728]
first : 5542607006, 199, 5, [977397, 272725]
economy : 5923792554, 138, 0, [878674, 143728]
economy : 4911375424, 58, 0, [260764, 525300]
economy : 5806482881, 96, 1, [260764, 143728]
economy : 9879179656, 127, 4, [260764, 977397]
economy : 5146118810, 51, 1, [977397, 272725]
business : 1819977029, 84, 2, [272725, 754858]
economy : 4495117337, 146, 2, [554442, 143728]
economy : 1461164396, 56, 1, [977397, 272725]
first : 5597480503, 60, 1, [260764, 272725]
economy : 5780426191, 182, 2, [143728, 260764]
business : 5480227781, 150, 0, [624967, 977397]
business : 9760010904, 145, 2, [977397, 754858]
economy : 5522888904, 106, 5, [143728, 260764]
economy : 3815821496, 138, 2, [554442, 525300]
economy : 6218861852, 62, 0, [272725, 574114]
economy : 9548684750, 72, 1, [272725, 525300]
economy : 4716281873, 99, 3, [272725, 260764]
economy : 6042674347, 122, 3, [977397, 554442]
economy : 4204526445, 131, 1, [143728, 554442]
economy : 4985627823, 96, 0, [525300, 754858]
economy : 9296278078, 159, 9, [624967, 554442]
business : 3148846473, 63, 1, [977397, 574114]
economy : 9079549900, 92, 5, [554442, 977397]
business : 1341738114, 127, 3, [624967, 977397]
economy : 5736039181, 185, 2, [143728, 554442]
economy : 2542712521, 108, 1, [754858, 878674]
economy : 5189369455, 174, 3, [554442, 574114]
economy : 4483520134, 88, 3, [260764, 143728]
economy : 4973050073, 125, 0, [554442, 977397]
economy : 9763508301, 174, 1, [574114, 624967]
economy : 9411048970, 135, 2, [574114, 272725]
luxury : 8004588512, 185, 1, [754858, 272725]
economy : 8006488459, 50, 2, [977397, 143728]
economy : 8748802461, 125, 3, [272725, 260764]
economy : 7873813861, 60, 2, [574114, 260764]
economy : 2724772761, 54, 3, [272725, 574114]
business : 8474405772, 137, 1, [977397, 754858]
economy : 2261575842, 80, 2, [977397, 143728]
business : 1981198988, 104, 1, [754858, 143728]
business : 5742851101, 148, 6, [554442, 260764]
economy : 6755053882, 178, 2, [143728, 624967]
economy : 1656975162, 184, 1, [574114, 754858]
business : 6478457049, 119, 1, [754858, 272725]
business : 9496339609, 95, 1, [554442, 272725]
economy : 8955169485, 152, 4, [260764, 977397]
business : 2053309605, 127, 7, [624967, 574114]
economy : 1484574659, 147, 2, [272725, 554442]
business : 8666350097, 95, 1, [260764, 574114]
economy : 1500495018, 122, 3, [878674, 525300]
economy : 7514649911, 65, 4, [878674, 754858]
business : 7025092764, 195, 2, [574114, 525300]
business : 5639122755, 153, 1, [554442, 624967]
economy : 5438838824, 166, 2, [525300, 574114]
economy : 2053426817, 42, 1, [260764, 574114]
economy : 4099620831, 184, 1, [574114, 260764]
economy : 7333981307, 65, 1, [754858, 977397]
economy : 4884353280, 105, 7, [574114, 554442]
first : 2945401485, 153, 1, [143728, 554442]
first : 1305411661, 113, 5, [977397, 878674]
economy : 3642420034, 163, 8, [143728, 878674]
first : 3342000121, 88, 1, [878674, 977397]
economy : 3325492986, 98, 5, [143728, 554442]
economy : 7651329506, 187, 3, [272725, 754858]
first : 5790884751, 168, 4, [260764, 574114]
economy : 8665727706, 127, 2, [272725, 754858]
first : 1678906533, 122, 2, [754858, 977397]
economy : 7179666125, 51, 1, [143728, 878674]
economy : 2132180206, 160, 2, [754858, 525300]
economy : 8227798401, 143, 1, [260764, 754858]
first : 8266387467, 73, 10, [878674, 574114]
business : 3853706922, 174, 0, [624967, 525300]
business : 5150662714, 88, 2, [525300, 624967]
economy : 8950427608, 61, 2, [260764, 143728]
economy : 7746391450, 59, 1, [525300, 977397]
economy : 6878751598, 92, 1, [272725, 624967]
economy : 2064754652, 82, 2, [554442, 272725]
business : 3495265463, 158, 6, [574114, 272725]
economy : 1084202957, 143, 2, [143728, 525300]
business : 4106297941, 118, 5, [574114, 143728]
economy : 9847822864, 48, 3, [878674, 977397]
economy : 7947881431, 60, 1, [554442, 977397]
economy : 6686779536, 142, 4, [624967, 554442]
business : 3419449438, 52, 1, [977397, 143728]
business : 3357432381, 127, 4, [260764, 143728]
economy : 9314019611, 187, 2, [754858, 554442]
business : 5016836097, 52, 1, [624967, 272725]
business : 2739592884, 158, 3, [143728, 754858]
luxury : 6661052856, 142, 3, [624967, 143728]
economy : 3350023936, 108, 5, [754858, 977397]
economy : 6521842145, 160, 1, [624967, 574114]
economy : 7777837801, 186, 5, [878674, 525300]
economy : 4649579667, 188, 1, [260764, 624967]
economy : 3375203072, 164, 3, [624967, 977397]
business : 3394590499, 189, 2, [554442, 143728]
economy : 8859090110, 135, 2, [554442, 624967]
economy : 5395641714, 101, 1, [878674, 525300]
business : 1350079448, 80, 4, [977397, 272725]
luxury : 7122633586, 125, 3, [878674, 624967]
economy : 7287865036, 172, 2, [754858, 624967]
economy : 4025547064, 185, 8, [878674, 525300]
business : 6224258031, 184, 4, [272725, 143728]
economy : 5973973178, 77, 3, [272725, 754858]
economy : 4954006116, 140, 2, [143728, 977397]
business : 9483431845, 114, 2, [878674, 554442]
economy : 1037264808, 143, 1, [554442, 272725]
economy : 5455646536, 62, 2, [143728, 754858]
economy : 4880217572, 153, 6, [878674, 143728]
economy : 6163949706, 116, 2, [624967, 878674]
economy : 9471657738, 77, 10, [624967, 260764]
economy : 3491627551, 154, 1, [977397, 272725]
economy : 4197768580, 123, 0, [554442, 272725]
business : 9235626773, 173, 1, [574114, 143728]
business : 5785083457, 191, 7, [754858, 525300]
economy : 1108080641, 119, 4, [878674, 272725]
economy : 9646314573, 119, 4, [272725, 525300]
economy : 1133634297, 102, 8, [574114, 525300]
economy : 9324596606, 94, 2, [754858, 977397]
economy : 1099082754, 143, 8, [574114, 554442]
economy : 2442125482, 82, 0, [554442, 525300]
economy : 5733672883, 194, 1, [272725, 525300]
economy : 4439036340, 157, 1, [260764, 878674]
economy : 8428680671, 102, 1, [554442, 754858]
economy : 1342654277, 100, 2, [574114, 143728]
economy : 8274071414, 76, 2, [754858, 143728]
business : 9988659429, 148, 4, [260764, 977397]
economy : 6557758573, 61, 0, [525300, 977397]
first : 5433999911, 124, 3, [754858, 624967]
economy : 6834640422, 56, 0, [878674, 624967]
economy : 5362428558, 96, 6, [754858, 525300]
economy : 2619376113, 83, 3, [574114, 624967]
economy : 3956820021, 129, 2, [977397, 272725]
economy : 5007928691, 73, 2, [554442, 624967]
economy : 3207761622, 96, 1, [272725, 260764]
business : 2267740852, 65, 0, [754858, 977397]
economy : 1269784422, 157, 1, [977397, 143728]
first : 4973891467, 152, 2, [977397, 554442]
economy : 8221225256, 199, 6, [272725, 574114]
economy : 8927307171, 71, 1, [143728, 574114]
economy : 9227350278, 199, 3, [554442, 574114]
economy : 2068848911, 48, 1, [754858, 525300]
economy : 9866504696, 147, 1, [272725, 554442]
business : 5765585335, 142, 2, [525300, 272725]
business : 8550521665, 196, 1, [260764, 754858]
economy : 9180731463, 136, 2, [260764, 554442]
economy : 9511015006, 67, 3, [878674, 574114]
economy : 8925330919, 47, 1, [878674, 525300]
first : 3557636496, 180, 4, [272725, 878674]
economy : 1555620926, 49, 0, [624967, 260764]
business : 8385895467, 141, 0, [260764, 878674]
economy : 8700097174, 119, 1, [554442, 624967]
business : 8101254355, 177, 4, [272725, 525300]
economy : 1024412746, 66, 4, [260764, 754858]
first : 6518683416, 194, 1, [260764, 272725]
business : 7738072893, 138, 9, [525300, 143728]
economy : 5400027040, 183, 5, [624967, 554442]
business : 1500035431, 118, 0, [554442, 574114]
economy : 5361256278, 110, 9, [754858, 624967]
economy : 7248133357, 131, 3, [624967, 574114]
economy : 7678911992, 194, 0, [878674, 272725]
economy : 8123024953, 93, 7, [878674, 624967]
economy : 2762671344, 112, 6, [977397, 624967]
business : 2818814863, 106, 3, [574114, 554442]
economy : 9278847388, 67, 4, [754858, 554442]
economy : 2603950666, 197, 1, [143728, 977397]
economy : 5379712515, 162, 5, [754858, 878674]
economy : 1519763674, 52, 2, [525300, 554442]
business : 8612692110, 115, 7, [525300, 878674]
economy : 4367535263, 198, 0, [977397, 624967]
economy : 4828750794, 151, 8, [574114, 525300]
business : 1526021329, 133, 0, [260764, 754858]
business : 9553019747, 162, 9, [574114, 143728]
economy : 3852722040, 74, 2, [624967, 272725]
economy : 4543860860, 163, 1, [525300, 143728]
economy : 1161536792, 163, 2, [754858, 260764]
business : 9292572201, 67, 1, [574114, 272725]
economy : 7138040167, 149, 2, [754858, 260764]
economy : 6104679044, 178, 1, [878674, 624967]
business : 5040223713, 100, 1, [143728, 574114]
economy : 6647308128, 47, 2, [754858, 624967]
first : 7725885299, 55, 2, [272725, 624967]
economy : 3514202807, 70, 2, [525300, 977397]
economy : 7873963799, 194, 0, [554442, 260764]
first : 9701593431, 92, 8, [143728, 977397]
economy : 9737624570, 107, 0, [554442, 260764]
business : 6391401529, 157, 2, [977397, 272725]
economy : 3336806217, 75, 1, [260764, 624967]
economy : 8891448887, 51, 4, [878674, 554442]
business : 3891282678, 130, 2, [554442, 143728]
business : 7247270777, 153, 9, [977397, 525300]
economy : 5359973515, 199, 2, [143728, 260764]
economy : 6426900697, 157, 9, [574114, 525300]
economy : 8213237759, 176, 1, [260764, 624967]
economy : 2141659776, 43, 4, [624967, 143728]
economy : 4980576991, 65, 2, [574114, 554442]
economy : 5426313941, 175, 3, [574114, 525300]
economy : 7244771725, 136, 0, [260764, 143728]
economy : 6510593505, 113, 1, [260764, 143728]
economy : 1706675204, 119, 6, [624967, 878674]
economy : 3610814477, 125, 1, [624967, 554442]
economy : 5365777032, 177, 10, [272725, 878674]
economy : 8946619563, 140, 2, [272725, 525300]
business : 5692978446, 199, 8, [260764, 754858]
economy : 8912203434, 88, 2, [878674, 977397]
economy : 9584443473, 120, 0, [977397, 260764]
economy : 5816554453, 110, 2, [260764, 143728]
economy : 8284358764, 200, 1, [977397, 624967]
business : 9617713234, 79, 2, [878674, 260764]
economy : 1525931048, 43, 1, [260764, 878674]
economy : 1254249826, 90, 2, [143728, 525300]
economy : 6776170273, 111, 5, [525300, 574114]
business : 8298278142, 165, 1, [624967, 143728]
economy : 3223024240, 45, 1, [260764, 143728]
economy : 1659752524, 81, 2, [525300, 977397]
first : 2925899439, 99, 0, [624967, 554442]
business : 9350023632, 111, 2, [624967, 143728]
first : 9081865738, 172, 3, [260764, 878674]
business : 4388475585, 70, 0, [977397, 624967]
economy : 3734661728, 161, 0, [624967, 260764]
economy : 8173239879, 100, 3, [554442, 525300]
economy : 1475737264, 77, 9, [977397, 878674]
business : 1112740409, 138, 1, [260764, 525300]
economy : 6485474972, 135, 7, [878674, 574114]
business : 7650659291, 125, 4, [977397, 574114]
economy : 9119183031, 103, 10, [143728, 554442]
business : 9710530639, 52, 2, [754858, 554442]
economy : 7358361589, 99, 1, [260764, 754858]
economy : 6019232244, 50, 4, [554442, 260764]
business : 3838759251, 53, 2, [977397, 272725]
economy : 4733667803, 52, 3, [754858, 272725]
business : 2875215404, 67, 5, [624967, 754858]
economy : 1012497137, 97, 3, [554442, 260764]
luxury : 2218147004, 141, 1, [143728, 977397]
business : 1046167431, 190, 5, [272725, 525300]
economy : 5642852899, 98, 4, [272725, 977397]
economy : 3483215439, 93, 3, [143728, 554442]
first : 6004782286, 117, 4, [977397, 878674]
business : 6189673360, 93, 0, [260764, 574114]
economy : 2040063075, 117, 1, [878674, 624967]
business : 9380121444, 171, 3, [272725, 525300]
economy : 6090801224, 92, 2, [574114, 754858]
economy : 4433311266, 130, 1, [143728, 272725]
economy : 2906703806, 123, 0, [272725, 554442]
economy : 1605912038, 112, 3, [525300, 977397]
economy : 7439421407, 95, 0, [878674, 977397]
business : 5195092556, 78, 1, [272725, 977397]
economy : 9241890939, 118, 4, [977397, 878674]
economy : 2199226730, 197, 1, [878674, 624967]
economy : 2915797161, 160, 1, [624967, 143728]
economy : 2521537444, 50, 4, [878674, 525300]
economy : 5125168496, 49, 0, [272725, 260764]
first : 3707050733, 109, 2, [977397, 143728]
luxury : 1656498193, 60, 5, [272725, 554442]
economy : 7103146434, 176, 10, [574114, 272725]
business : 4827471072, 188, 0, [554442, 143728]
economy : 1205703242, 155, 1, [977397, 574114]
economy : 8368867321, 73, 6, [754858, 272725]
economy : 2597663626, 69, 1, [878674, 260764]
economy : 1462467601, 188, 2, [554442, 754858]
economy : 2889281270, 135, 1, [525300, 143728]
economy : 4305851108, 145, 3, [272725, 977397]
economy : 5262547975, 89, 2, [272725, 977397]
first : 7603001234, 118, 8, [143728, 272725]
first : 9811653029, 168, 2, [977397, 754858]
economy : 4314253881, 101, 7, [977397, 554442]
economy : 4362088714, 64, 1, [554442, 260764]
economy : 9784969021, 194, 2, [574114, 754858]
economy : 1716872472, 187, 2, [977397, 574114]
business : 3601292126, 84, 0, [272725, 143728]
economy : 6425814314, 113, 6, [143728, 977397]
economy : 8752298975, 60, 1, [272725, 525300]
economy : 1384752810, 67, 1, [272725, 143728]
economy : 4364480301, 152, 1, [754858, 574114]
economy : 6163376823, 130, 4, [574114, 624967]
business : 6150989940, 130, 2, [143728, 754858]
economy : 7299300245, 118, 4, [554442, 525300]
business : 4790390693, 95, 2, [143728, 554442]
economy : 3862207314, 95, 4, [260764, 977397]
business : 2335793960, 86, 1, [624967, 260764]
economy : 5251096052, 191, 2, [554442, 878674]
economy : 3450411291, 180, 3, [574114, 143728]
economy : 2091492446, 189, 6, [878674, 554442]
economy : 9906355376, 78, 1, [878674, 272725]
economy : 3714190227, 130, 1, [754858, 143728]
economy : 7025229259, 66, 2, [574114, 525300]
first : 3949015222, 44, 4, [754858, 525300]
business : 8427360556, 180, 2, [260764, 272725]
economy : 6102252456, 148, 1, [624967, 878674]
economy : 9297192929, 164, 1, [143728, 260764]
economy : 6473621749, 72, 1, [574114, 525300]
economy : 7648866641, 113, 5, [272725, 554442]
business : 3989298925, 149, 1, [554442, 143728]
economy : 5018884627, 170, 0, [143728, 624967]
business : 9420256802, 195, 8, [977397, 525300]
economy : 3638712433, 182, 1, [272725, 574114]
economy : 6455118092, 95, 1, [574114, 878674]
economy : 1713326387, 189, 3, [554442, 754858]
economy : 4244972758, 101, 0, [143728, 624967]
economy : 4886034517, 145, 3, [525300, 554442]
economy : 4728438784, 192, 1, [260764, 754858]
economy : 7629882737, 76, 2, [574114, 624967]
economy : 9656821130, 91, 1, [260764, 554442]
economy : 9936199038, 100, 1, [525300, 754858]
luxury : 4612879569, 190, 0, [624967, 554442]
business : 3856698567, 46, 2, [624967, 878674]
economy : 8595303764, 151, 8, [754858, 554442]
economy : 1617509951, 103, 1, [272725, 525300]
economy : 7982163121, 165, 1, [143728, 754858]
first : 4798215169, 161, 4, [977397, 272725]
economy : 4624420093, 90, 1, [878674, 977397]
business : 6724426830, 120, 1, [754858, 977397]
economy : 5488330304, 100, 1, [574114, 260764]
economy : 8906726130, 114, 1, [260764, 143728]
economy : 7201473185, 111, 2, [754858, 525300]
economy : 6296833518, 109, 4, [525300, 143728]
economy : 9192727608, 92, 1, [624967, 554442]
economy : 2856492563, 86, 1, [143728, 977397]
business : 8444433601, 160, 1, [977397, 554442]
