13 96 1182
9324 4671 12348 122940 4824
hub : 417038, -13510, 2788, 60.06, 180300, 5
hub : 890322, -25582, -1795, 62.59, 196500, 3
hub : 287260, -27887, 8672, 38.5, 284400, 4
hub : 524969, -32882, 17815, 41.91, 244200, 4
hub : 989881, -42129, 22919, 52.25, 182100, 2
hub : 104705, -39463, 35024, 49.83, 165300, 5
hub : 435109, -29412, 35737, 55.55, 227100, 5
hub : 130998, -20613, 44575, 43.89, 290100, 3
hub : 733227, -32765, 45437, 50.16, 264300, 2
hub : 304415, -29804, 58877, 59.95, 286200, 3
hub : 141338, -42625, 56112, 34.98, 189600, 5
hub : 462145, -55884, 59094, 33.66, 236100, 4
major : 165076, -30588, -2016, 50.93, 228250, 3
major : 503383, -27362, -8965, 62.7, 210750, 1
major : 128280, -34233, 10065, 63.91, 204000, 1
major : 635332, -26571, 14687, 73.04, 145750, 2
major : 133136, -39924, 17612, 50.71, 192250, 2
major : 677586, -34681, 29776, 70.07, 236250, 1
major : 347902, -44044, 32334, 46.86, 163250, 1
major : 369005, -42823, 39282, 47.08, 214500, 2
major : 370847, -23705, 37133, 72.49, 207000, 2
major : 337924, -16090, 48808, 58.3, 217500, 1
major : 734440, -17385, 36806, 72.93, 158500, 3
major : 294253, -22365, 59671, 72.27, 140750, 3
major : 165610, -26798, 49896, 74.69, 149750, 1
major : 497967, -49655, 51344, 54.56, 165750, 2
regional : 469872, -14721, 3684, 103.73, 188200, 1
regional : 206274, -16452, 729, 76.34, 185000, 1
regional : 962658, -11913, 2031, 87.12, 126800, 2
regional : 336621, -12693, 2738, 104.5, 146200, 1
regional : 764765, -11514, 3037, 80.85, 110000, 1
regional : 128267, -25202, -5209, 99.22, 137200, 1
regional : 711503, -27865, 1099, 77.77, 159400, 2
regional : 982541, -24770, -2153, 86.02, 100000, 2
regional : 645765, -29913, 9546, 96.36, 174400, 1
regional : 924317, -25918, 8409, 76.34, 106200, 1
regional : 212154, -29186, 6527, 71.72, 159200, 2
regional : 480085, -33344, 18296, 85.14, 152800, 2
regional : 368524, -36703, 17510, 77.44, 174800, 1
regional : 405032, -31005, 17815, 95.04, 154200, 1
regional : 531613, -45103, 22682, 89.54, 188400, 2
regional : 958734, -42210, 21503, 68.42, 138600, 1
regional : 654539, -41043, 22007, 83.71, 104400, 1
regional : 471264, -39270, 23071, 108.02, 158000, 1
regional : 587222, -36300, 35561, 98.78, 161800, 1
regional : 651159, -28301, 37145, 93.17, 188800, 2
regional : 250459, -29464, 35264, 90.64, 185600, 2
regional : 978319, -29381, 38065, 75.9, 156000, 2
regional : 186574, -22804, 46699, 95.92, 177600, 1
regional : 637769, -17353, 42661, 103.51, 178000, 1
regional : 550408, -31524, 42725, 67.21, 111400, 2
regional : 493207, -29583, 59737, 109.01, 196800, 1
regional : 157334, -26132, 57879, 96.69, 127000, 1
regional : 723858, -30131, 60858, 102.74, 155400, 2
regional : 166136, -44218, 55215, 109.89, 151800, 2
regional : 235077, -57128, 58720, 104.17, 195000, 1
regional : 775411, -31986, -2318, 86.02, 122800, 1
regional : 403765, -30400, -659, 78.98, 115400, 1
regional : 560810, -27390, -10238, 82.06, 163600, 2
regional : 879738, -25244, -9643, 81.4, 110000, 1
regional : 150442, -35217, 8056, 82.28, 115000, 1
regional : 646305, -30629, 10875, 89.54, 160600, 2
regional : 334468, -35096, 10111, 70.95, 133200, 2
regional : 141367, -26365, 13368, 108.35, 120000, 1
regional : 358100, -28733, 14099, 94.6, 129800, 1
regional : 955583, -37948, 15365, 109.34, 161600, 1
regional : 117240, -32060, 32503, 109.78, 118800, 2
regional : 735669, -34181, 30106, 74.03, 146400, 2
regional : 238007, -44923, 29707, 86.68, 159400, 2
regional : 262634, -43488, 31199, 75.68, 155200, 2
regional : 359204, -40326, 31971, 104.17, 134600, 1
regional : 185966, -42682, 30370, 96.36, 174000, 2
regional : 603668, -42628, 40037, 72.6, 154000, 2
regional : 741193, -43564, 38058, 70.51, 121800, 1
regional : 789091, -43592, 40963, 77.0, 193200, 1
regional : 449844, -20799, 36953, 95.7, 147400, 1
regional : 427068, -23574, 33849, 81.51, 197600, 2
regional : 356711, -24398, 38255, 82.06, 179400, 2
regional : 714154, -24892, 40388, 88.11, 147400, 2
regional : 550350, -16893, 51012, 104.17, 185000, 2
regional : 199560, -19001, 47703, 109.01, 143800, 1
regional : 697132, -13336, 51002, 94.16, 182000, 2
regional : 753926, -17351, 35279, 103.62, 193600, 2
regional : 791854, -18469, 35845, 75.68, 119000, 2
regional : 567774, -17452, 33770, 79.53, 121200, 2
regional : 889615, -24423, 59982, 71.83, 189600, 2
regional : 185727, -20667, 59273, 73.92, 128800, 1
regional : 553732, -20740, 60606, 82.39, 151400, 2
regional : 577223, -29428, 48288, 103.07, 104000, 2
regional : 871253, -27826, 50777, 98.34, 175600, 2
regional : 721446, -22912, 50843, 80.52, 133200, 2
regional : 349889, -24813, 51962, 75.24, 197400, 2
regional : 489834, -48507, 50976, 74.69, 198000, 2
regional : 879582, -53003, 50496, 96.69, 114600, 2
regional : 737119, -48454, 48720, 74.25, 108400, 1
regional : 786169, -48725, 53638, 104.5, 121800, 2
economy : 2067036067, 167, 0, [104705, 304415]
business : 7492243874, 176, 2, [462145, 989881]
economy : 3727087612, 58, 0, [130998, 304415]
economy : 7825103053, 151, 1, [417038, 462145]
economy : 4876034774, 195, 1, [989881, 733227]
economy : 2608195902, 64, 1, [989881, 435109]
economy : 4346509509, 67, 8, [989881, 287260]
economy : 9390004438, 174, 0, [989881, 130998]
economy : 2477350349, 198, 0, [435109, 524969]
economy : 5029631578, 57, 5, [417038, 304415]
business : 6240154805, 154, 1, [104705, 989881]
business : 4734683067, 101, 1, [304415, 524969]
economy : 7250431861, 72, 7, [417038, 287260]
business : 2817743980, 74, 1, [890322, 104705]
economy : 2749282685, 186, 1, [524969, 733227]
business : 3811269873, 181, 2, [287260, 733227]
business : 1622919956, 53, 2, [435109, 524969]
business : 4964859059, 168, 1, [989881, 733227]
economy : 9727196606, 64, 7, [989881, 435109]
economy : 3172490758, 135, 2, [130998, 435109]
economy : 9493116568, 91, 1, [130998, 890322]
economy : 3707975699, 87, 0, [733227, 104705]
economy : 2632220107, 178, 0, [989881, 435109]
economy : 8738131663, 72, 0, [287260, 524969]
business : 2675903377, 140, 7, [462145, 130998]
business : 7102241339, 53, 3, [287260, 890322]
economy : 8959681915, 172, 1, [524969, 989881]
economy : 5769333041, 193, 1, [989881, 890322]
economy : 4074380999, 101, 4, [524969, 989881]
economy : 9497191076, 78, 2, [417038, 104705]
economy : 3371092644, 174, 0, [462145, 141338]
business : 9243500131, 164, 1, [304415, 104705]
business : 3217691841, 149, 0, [462145, 733227]
economy : 2326210407, 136, 0, [890322, 417038]
business : 7342912869, 183, 1, [287260, 304415]
economy : 8350249897, 90, 3, [435109, 989881]
economy : 6390961651, 148, 1, [104705, 304415]
economy : 2943035291, 73, 7, [417038, 304415]
economy : 7936220222, 197, 4, [733227, 130998]
business : 5353604831, 140, 2, [287260, 141338]
economy : 3315619849, 85, 7, [524969, 304415]
economy : 2707410242, 194, 3, [141338, 130998]
business : 4368298545, 61, 3, [890322, 524969]
economy : 5128673245, 129, 1, [304415, 104705]
economy : 1448099251, 50, 0, [462145, 287260]
economy : 8768231174, 178, 1, [287260, 890322]
business : 6773590393, 178, 1, [287260, 141338]
economy : 3657208549, 167, 1, [462145, 435109]
economy : 4300599603, 88, 0, [287260, 304415]
economy : 9607669249, 171, 1, [104705, 435109]
economy : 1642288122, 115, 0, [435109, 304415]
economy : 3961115941, 174, 1, [462145, 304415]
business : 3213027161, 99, 2, [130998, 417038]
economy : 5424261236, 171, 2, [733227, 435109]
economy : 3407735982, 200, 2, [141338, 435109]
economy : 2011007573, 96, 0, [417038, 524969]
economy : 9384198239, 95, 10, [733227, 130998]
economy : 9998210331, 147, 1, [287260, 462145]
economy : 3176100401, 112, 3, [130998, 462145]
economy : 6273266662, 56, 0, [733227, 141338]
economy : 2668728315, 151, 5, [462145, 524969]
business : 6452043251, 108, 5, [141338, 733227]
business : 3490319567, 47, 3, [462145, 989881]
economy : 6179114998, 101, 1, [733227, 435109]
economy : 7536554340, 173, 1, [890322, 733227]
economy : 2283484862, 126, 2, [733227, 435109]
economy : 8678387649, 143, 2, [304415, 141338]
economy : 5386215802, 115, 1, [989881, 130998]
business : 1240011589, 47, 1, [141338, 733227]
economy : 9554589423, 41, 3, [104705, 130998]
economy : 7704938516, 126, 1, [890322, 733227]
business : 2880667067, 111, 2, [287260, 462145]
economy : 8664155575, 109, 1, [462145, 733227]
economy : 1200204139, 183, 2, [304415, 417038]
economy : 1352940688, 88, 2, [733227, 435109]
economy : 1198726973, 191, 1, [141338, 462145]
business : 1784278622, 82, 3, [733227, 141338]
business : 3262230779, 120, 2, [989881, 104705]
economy : 1536087427, 150, 2, [104705, 890322]
economy : 7062055763, 126, 8, [890322, 733227]
business : 6170814112, 87, 2, [462145, 104705]
economy : 4233759654, 78, 1, [733227, 989881]
economy : 6892327797, 58, 3, [104705, 890322]
business : 9525855064, 144, 1, [304415, 435109]
economy : 3720737908, 44, 3, [890322, 524969]
business : 6519542641, 126, 1, [890322, 733227]
economy : 7540510069, 169, 0, [890322, 417038]
economy : 1390249283, 58, 1, [435109, 417038]
economy : 3776639053, 199, 0, [141338, 130998]
economy : 8410641920, 108, 1, [304415, 733227]
economy : 3129166518, 187, 2, [890322, 141338]
business : 3267601223, 60, 2, [287260, 462145]
economy : 8287467429, 137, 9, [989881, 733227]
economy : 6483384831, 197, 1, [287260, 733227]
economy : 2087069277, 105, 1, [141338, 435109]
economy : 1326634982, 187, 1, [524969, 287260]
business : 6227451538, 169, 0, [733227, 141338]
economy : 6379109278, 109, 1, [104705, 524969]
economy : 4202117860, 88, 1, [524969, 435109]
economy : 3315316087, 65, 1, [462145, 104705]
economy : 7374446055, 167, 2, [417038, 104705]
economy : 9173578293, 167, 2, [462145, 435109]
economy : 9518182367, 169, 3, [435109, 890322]
economy : 2449757864, 137, 1, [304415, 462145]
economy : 3864134998, 130, 3, [462145, 733227]
economy : 6062586554, 47, 2, [733227, 417038]
business : 3153350066, 183, 5, [733227, 462145]
economy : 2421887910, 61, 1, [104705, 287260]
business : 4648984197, 179, 2, [130998, 141338]
economy : 8794361332, 92, 2, [104705, 890322]
economy : 8070647640, 196, 7, [304415, 287260]
economy : 9979325704, 66, 2, [989881, 417038]
economy : 7637664372, 40, 5, [130998, 524969]
economy : 7280307944, 66, 1, [989881, 890322]
economy : 2127661210, 193, 1, [462145, 989881]
business : 3785714294, 108, 1, [462145, 417038]
economy : 3598074630, 119, 0, [733227, 304415]
business : 1666025675, 167, 2, [890322, 435109]
business : 4189497006, 150, 2, [435109, 989881]
economy : 4607396826, 189, 3, [141338, 130998]
economy : 1879399629, 110, 1, [287260, 104705]
economy : 6884525403, 51, 1, [104705, 287260]
business : 3642851933, 157, 1, [524969, 104705]
economy : 8330235675, 105, 2, [733227, 462145]
economy : 1590137479, 147, 0, [104705, 733227]
economy : 6121124479, 52, 1, [733227, 417038]
economy : 8758762505, 194, 2, [417038, 104705]
economy : 2054800441, 57, 2, [435109, 417038]
economy : 6644811593, 91, 3, [417038, 890322]
economy : 7240363237, 168, 0, [141338, 435109]
economy : 2928237880, 137, 1, [524969, 435109]
first : 7111267550, 132, 0, [304415, 287260]
business : 4373314759, 140, 2, [130998, 304415]
economy : 1912295678, 171, 1, [287260, 733227]
economy : 7591921668, 74, 1, [417038, 462145]
economy : 6324718818, 51, 2, [304415, 417038]
business : 1030685608, 69, 2, [462145, 417038]
business : 5464111573, 92, 1, [104705, 462145]
economy : 5478458041, 111, 3, [141338, 733227]
economy : 9180687339, 172, 0, [141338, 733227]
business : 6549755820, 48, 2, [733227, 524969]
economy : 2440315515, 115, 0, [524969, 287260]
economy : 3722769006, 50, 2, [304415, 733227]
economy : 8292880244, 45, 7, [524969, 989881]
economy : 9113396272, 172, 1, [130998, 287260]
economy : 7550045826, 172, 2, [417038, 141338]
economy : 9937791234, 150, 2, [287260, 524969]
business : 9324958458, 85, 2, [130998, 733227]
economy : 7439359050, 183, 1, [524969, 435109]
economy : 7083456872, 191, 4, [304415, 104705]
economy : 6964590424, 89, 1, [524969, 130998]
business : 5107482770, 190, 2, [104705, 435109]
economy : 1686362223, 185, 1, [130998, 435109]
economy : 7798029128, 52, 10, [141338, 733227]
economy : 2370733997, 115, 1, [287260, 130998]
business : 1180796951, 107, 2, [141338, 989881]
economy : 4034184546, 177, 2, [989881, 417038]
business : 1175297710, 146, 2, [435109, 287260]
economy : 1976764474, 61, 2, [435109, 104705]
business : 5065665373, 102, 0, [287260, 304415]
business : 2967138801, 81, 1, [733227, 141338]
economy : 8661407633, 110, 2, [989881, 287260]
economy : 7836392849, 114, 0, [524969, 141338]
economy : 9174976215, 149, 4, [104705, 304415]
economy : 6345055316, 152, 0, [304415, 104705]
business : 5316437292, 88, 1, [462145, 733227]
economy : 1666493737, 105, 0, [989881, 435109]
economy : 6903955927, 102, 2, [304415, 287260]
economy : 7888363433, 118, 1, [287260, 890322]
business : 9123433452, 154, 2, [141338, 462145]
economy : 6569561817, 139, 2, [890322, 733227]
business : 9964148740, 107, 1, [287260, 890322]
business : 1174807730, 51, 2, [287260, 435109]
economy : 4399565220, 49, 2, [989881, 104705]
economy : 4374847732, 137, 1, [104705, 524969]
business : 7789972548, 89, 5, [304415, 287260]
economy : 4520201455, 128, 2, [141338, 524969]
economy : 3955596363, 169, 0, [304415, 890322]
business : 2578191650, 100, 7, [989881, 524969]
economy : 5464552485, 98, 3, [130998, 417038]
business : 5547573465, 153, 5, [417038, 141338]
economy : 7477269524, 137, 1, [435109, 141338]
economy : 8612871442, 166, 1, [417038, 104705]
economy : 6698231847, 79, 6, [304415, 733227]
economy : 4021050391, 118, 0, [435109, 304415]
economy : 4540866799, 101, 3, [524969, 462145]
business : 8654982949, 134, 0, [524969, 890322]
economy : 6190877585, 52, 0, [304415, 417038]
economy : 4752199260, 197, 8, [417038, 890322]
economy : 3042880210, 153, 0, [989881, 733227]
economy : 9266831789, 126, 2, [104705, 417038]
economy : 1272862746, 63, 1, [417038, 989881]
economy : 3271341341, 48, 1, [104705, 462145]
business : 9446128962, 82, 2, [989881, 524969]
economy : 9605347762, 108, 9, [890322, 130998]
economy : 5853882153, 130, 3, [104705, 524969]
economy : 4750430069, 108, 1, [287260, 524969]
economy : 9226859693, 155, 2, [104705, 989881]
economy : 4878753790, 142, 1, [733227, 104705]
economy : 4340669118, 128, 0, [104705, 989881]
economy : 8566086465, 130, 2, [733227, 130998]
economy : 6830992167, 43, 6, [287260, 141338]
business : 8566611075, 186, 2, [104705, 733227]
economy : 1015466893, 45, 3, [462145, 989881]
economy : 3022577214, 172, 3, [435109, 524969]
economy : 8518195272, 120, 1, [141338, 733227]
economy : 8797365672, 198, 2, [435109, 890322]
business : 6915080000, 46, 1, [304415, 435109]
economy : 5879331195, 176, 1, [733227, 287260]
economy : 3806376845, 96, 2, [462145, 304415]
economy : 7820982733, 151, 3, [524969, 890322]
economy : 6455334467, 42, 0, [524969, 130998]
business : 3859632136, 105, 2, [435109, 733227]
economy : 5809283216, 193, 1, [733227, 287260]
economy : 2471863956, 137, 1, [287260, 733227]
economy : 5467344143, 80, 8, [462145, 733227]
economy : 8736026662, 146, 1, [141338, 890322]
economy : 5669187371, 151, 5, [989881, 304415]
economy : 1359596380, 133, 1, [733227, 287260]
economy : 2930772469, 46, 8, [462145, 890322]
economy : 7647524919, 103, 2, [890322, 304415]
business : 5667678396, 61, 7, [435109, 989881]
economy : 7265841026, 124, 1, [141338, 417038]
business : 4804540540, 75, 0, [304415, 733227]
economy : 2616863664, 63, 5, [435109, 130998]
economy : 8681201620, 180, 1, [524969, 435109]
economy : 9251961430, 79, 3, [890322, 435109]
economy : 4961011376, 160, 0, [141338, 989881]
economy : 1635065360, 58, 1, [104705, 141338]
economy : 2378888227, 74, 7, [435109, 989881]
economy : 4955559161, 59, 2, [435109, 890322]
economy : 8582586892, 84, 0, [104705, 462145]
business : 5450039753, 68, 2, [989881, 524969]
business : 6120734408, 143, 1, [462145, 287260]
economy : 8468369984, 113, 1, [104705, 733227]
economy : 7825762371, 129, 6, [890322, 435109]
economy : 9934756732, 136, 0, [989881, 462145]
economy : 8439660192, 200, 0, [435109, 524969]
economy : 6388860637, 113, 2, [104705, 304415]
business : 9346521497, 195, 5, [304415, 462145]
economy : 6307765753, 150, 1, [130998, 104705]
economy : 1148020747, 55, 9, [524969, 141338]
economy : 1708257149, 194, 1, [890322, 130998]
business : 3447951963, 69, 10, [435109, 287260]
economy : 9129979950, 116, 1, [890322, 417038]
economy : 8071411692, 46, 0, [104705, 435109]
economy : 5645682157, 187, 0, [130998, 287260]
business : 3426917707, 183, 2, [890322, 417038]
economy : 3679150640, 200, 0, [435109, 141338]
economy : 1700776033, 114, 6, [130998, 287260]
economy : 8176445922, 146, 3, [417038, 989881]
first : 9086691275, 186, 2, [287260, 417038]
economy : 2565441798, 105, 2, [304415, 435109]
economy : 4355434082, 63, 2, [417038, 462145]
business : 5930934965, 75, 0, [130998, 524969]
economy : 7069367013, 192, 6, [733227, 890322]
economy : 8283531292, 48, 2, [287260, 524969]
economy : 2412225537, 153, 0, [524969, 733227]
business : 7267978050, 46, 3, [435109, 104705]
business : 8272947272, 118, 2, [287260, 989881]
economy : 6844091024, 173, 2, [141338, 130998]
economy : 2640031090, 64, 2, [141338, 462145]
business : 1864052448, 166, 0, [130998, 304415]
economy : 8691355446, 127, 3, [733227, 141338]
economy : 9060978609, 88, 6, [141338, 287260]
economy : 6230894155, 168, 0, [141338, 989881]
business : 5204080033, 69, 2, [417038, 524969]
economy : 1364838857, 108, 1, [417038, 141338]
economy : 6846645741, 67, 2, [524969, 989881]
economy : 5915152341, 78, 1, [435109, 141338]
economy : 5101046855, 155, 2, [462145, 435109]
economy : 1166927343, 195, 4, [733227, 989881]
business : 7352981009, 97, 3, [287260, 304415]
business : 8224877107, 143, 1, [435109, 989881]
business : 6062519857, 157, 0, [304415, 417038]
economy : 8459949273, 195, 3, [435109, 304415]
economy : 8436747451, 94, 0, [417038, 989881]
economy : 6139823460, 189, 1, [524969, 462145]
business : 6183250346, 81, 3, [462145, 733227]
business : 9105056566, 56, 4, [130998, 141338]
business : 1458826355, 163, 2, [417038, 130998]
economy : 6008317886, 54, 3, [304415, 130998]
business : 5616525612, 173, 4, [141338, 304415]
economy : 2590212059, 56, 0, [890322, 141338]
economy : 9982518815, 196, 5, [304415, 524969]
economy : 3021647308, 177, 2, [890322, 989881]
business : 5136427643, 196, 6, [130998, 524969]
economy : 1941763801, 113, 1, [104705, 417038]
business : 4691273703, 79, 0, [130998, 104705]
business : 6525774074, 162, 3, [524969, 417038]
business : 4712056502, 143, 2, [130998, 141338]
business : 3534172044, 136, 7, [733227, 304415]
business : 3418681813, 160, 1, [417038, 287260]
economy : 4672293843, 46, 2, [890322, 524969]
economy : 4083460222, 172, 1, [104705, 287260]
economy : 2030825350, 67, 8, [417038, 287260]
business : 2793664916, 165, 2, [104705, 890322]
economy : 2635679924, 138, 1, [304415, 104705]
economy : 5743391849, 70, 2, [304415, 130998]
economy : 2912461193, 87, 2, [435109, 130998]
economy : 2799962417, 143, 2, [304415, 524969]
economy : 8496987410, 93, 1, [733227, 435109]
economy : 6882514867, 125, 1, [890322, 435109]
economy : 4001803609, 96, 0, [435109, 524969]
economy : 1612288831, 139, 1, [733227, 462145]
economy : 9471050808, 183, 1, [287260, 417038]
business : 4604354039, 102, 1, [304415, 462145]
business : 8179370450, 116, 2, [989881, 130998]
economy : 3904425259, 115, 2, [304415, 287260]
economy : 6798542360, 100, 2, [130998, 462145]
economy : 8872567887, 48, 1, [104705, 989881]
economy : 9969261716, 71, 3, [130998, 435109]
economy : 4103243804, 47, 3, [130998, 435109]
business : 5586376533, 62, 0, [304415, 435109]
economy : 2672339201, 116, 0, [304415, 104705]
business : 6174439574, 147, 0, [989881, 130998]
economy : 8266433010, 172, 1, [524969, 287260]
economy : 7900090676, 183, 7, [417038, 989881]
business : 7721564638, 193, 2, [733227, 287260]
economy : 5069898095, 102, 1, [141338, 524969]
economy : 2423515241, 168, 1, [304415, 733227]
business : 6294072423, 162, 7, [890322, 141338]
business : 9513610673, 146, 0, [462145, 435109]
economy : 8776201571, 178, 1, [524969, 435109]
economy : 4499780486, 124, 3, [435109, 304415]
business : 8307219625, 130, 2, [104705, 524969]
business : 9140939403, 92, 0, [462145, 733227]
business : 9964435227, 186, 4, [462145, 104705]
economy : 3880656109, 135, 3, [733227, 890322]
business : 7905864032, 151, 1, [304415, 130998]
economy : 1612558769, 139, 3, [733227, 462145]
business : 3914637065, 120, 2, [733227, 462145]
economy : 9075643924, 74, 2, [890322, 104705]
business : 1680967358, 144, 2, [524969, 435109]
business : 8794785375, 138, 1, [890322, 104705]
economy : 9416557985, 70, 1, [435109, 287260]
business : 1203298161, 184, 1, [462145, 417038]
economy : 2831914421, 60, 2, [287260, 417038]
economy : 5295999477, 77, 0, [435109, 141338]
business : 8285663106, 200, 0, [130998, 462145]
economy : 5010645702, 185, 10, [130998, 287260]
business : 5972490737, 94, 2, [104705, 287260]
business : 7087543675, 76, 1, [890322, 304415]
business : 5822931177, 105, 9, [733227, 130998]
business : 1999582503, 113, 0, [733227, 989881]
business : 4523042368, 87, 0, [287260, 141338]
economy : 7369550641, 76, 2, [304415, 141338]
business : 4120356352, 179, 7, [130998, 141338]
economy : 4035635188, 68, 1, [524969, 287260]
business : 6513675353, 128, 1, [141338, 417038]
economy : 7455328075, 191, 2, [304415, 417038]
economy : 1242900551, 78, 1, [462145, 524969]
economy : 1331337116, 130, 1, [304415, 733227]
economy : 4153044492, 127, 2, [417038, 890322]
economy : 5632709799, 161, 1, [733227, 417038]
business : 7323056623, 124, 2, [287260, 890322]
economy : 2662067333, 71, 9, [130998, 462145]
economy : 8266207395, 107, 0, [304415, 435109]
economy : 4418896070, 136, 2, [733227, 141338]
economy : 3693735937, 152, 0, [287260, 989881]
economy : 8606386832, 131, 2, [141338, 417038]
economy : 2392588595, 184, 3, [462145, 141338]
business : 8551778255, 66, 1, [890322, 304415]
business : 9136079456, 82, 8, [524969, 104705]
economy : 2432979041, 199, 1, [462145, 524969]
economy : 6986009480, 40, 4, [435109, 890322]
economy : 6323677252, 77, 1, [417038, 989881]
business : 9628723935, 40, 1, [435109, 141338]
economy : 7405806783, 96, 2, [104705, 417038]
business : 6539755752, 112, 1, [462145, 104705]
economy : 1368933370, 172, 1, [733227, 890322]
business : 4101292484, 79, 7, [462145, 435109]
economy : 5804715149, 123, 1, [733227, 524969]
business : 2859265294, 45, 2, [733227, 141338]
business : 5667232785, 171, 0, [890322, 989881]
economy : 1550450336, 123, 1, [435109, 890322]
economy : 1706316333, 182, 3, [304415, 130998]
economy : 5409298226, 145, 1, [130998, 524969]
economy : 6128946277, 51, 3, [435109, 304415]
business : 2275838755, 55, 2, [435109, 141338]
business : 2533126741, 70, 2, [462145, 417038]
business : 8140521913, 68, 4, [130998, 462145]
economy : 3611272654, 195, 8, [524969, 989881]
economy : 4945879821, 180, 2, [462145, 435109]
economy : 3972216749, 116, 2, [733227, 524969]
economy : 9300940392, 78, 5, [435109, 141338]
business : 1580084885, 67, 2, [104705, 524969]
economy : 3653302022, 176, 5, [733227, 104705]
economy : 2239718470, 93, 0, [287260, 435109]
economy : 4117932285, 52, 1, [141338, 304415]
economy : 4379133690, 72, 8, [130998, 462145]
economy : 6975339478, 196, 8, [287260, 130998]
economy : 2373771594, 58, 2, [287260, 304415]
economy : 1163828210, 193, 1, [104705, 287260]
economy : 1744944778, 156, 1, [287260, 524969]
economy : 2642336648, 187, 1, [462145, 141338]
business : 7554949726, 188, 1, [890322, 130998]
business : 2962405074, 58, 1, [130998, 417038]
economy : 4525787877, 133, 1, [435109, 287260]
economy : 5826314461, 98, 1, [130998, 733227]
business : 2606787092, 167, 0, [141338, 890322]
business : 3724679529, 105, 2, [524969, 989881]
economy : 3909206879, 165, 4, [130998, 417038]
economy : 1409551393, 151, 1, [733227, 141338]
economy : 9565430425, 120, 0, [989881, 141338]
business : 5116626374, 142, 1, [989881, 304415]
economy : 8513531027, 121, 2, [733227, 524969]
business : 8974346428, 151, 7, [462145, 890322]
business : 7461246591, 156, 1, [304415, 733227]
business : 9790237176, 73, 3, [890322, 141338]
economy : 6296632378, 119, 2, [890322, 130998]
business : 6231086446, 197, 1, [890322, 130998]
economy : 7945857587, 107, 3, [524969, 733227]
business : 9836545279, 107, 2, [104705, 141338]
economy : 4760156830, 75, 1, [524969, 130998]
economy : 8320226180, 199, 1, [890322, 524969]
business : 1755022701, 67, 2, [462145, 733227]
business : 5646742516, 180, 1, [733227, 130998]
business : 5154917447, 69, 5, [435109, 989881]
business : 8988459297, 45, 1, [130998, 462145]
economy : 5092517132, 161, 1, [304415, 141338]
economy : 4339736778, 154, 1, [989881, 890322]
economy : 1094746188, 87, 2, [890322, 417038]
economy : 7319083425, 114, 3, [733227, 130998]
economy : 1593133840, 95, 2, [524969, 304415]
business : 9356287212, 41, 3, [130998, 304415]
business : 9980189290, 58, 3, [141338, 130998]
economy : 1482664993, 85, 7, [417038, 104705]
first : 7015380186, 150, 1, [524969, 435109]
economy : 3168375849, 130, 2, [462145, 304415]
economy : 4468696055, 81, 4, [524969, 104705]
economy : 5584773258, 111, 1, [890322, 287260]
economy : 1659924353, 63, 5, [524969, 304415]
economy : 9044457483, 94, 1, [733227, 287260]
business : 4974485198, 150, 2, [435109, 304415]
economy : 4895523423, 143, 10, [890322, 462145]
economy : 9312326904, 132, 4, [733227, 435109]
economy : 7258994197, 46, 9, [304415, 141338]
economy : 5476540367, 111, 1, [304415, 104705]
economy : 8055275989, 47, 2, [435109, 733227]
economy : 1360569010, 93, 5, [104705, 989881]
economy : 9174607826, 176, 2, [989881, 890322]
economy : 9081925663, 154, 3, [304415, 287260]
business : 5738299653, 180, 1, [304415, 287260]
economy : 7114391017, 177, 1, [462145, 141338]
economy : 4505004635, 67, 10, [304415, 104705]
economy : 2089333005, 112, 1, [287260, 435109]
economy : 4684650349, 158, 0, [141338, 524969]
business : 1354982955, 56, 9, [141338, 462145]
economy : 9258267785, 146, 3, [130998, 141338]
economy : 2305087989, 157, 2, [304415, 989881]
economy : 6210299549, 116, 0, [989881, 890322]
economy : 4178262815, 132, 1, [989881, 141338]
business : 4897242396, 111, 3, [989881, 524969]
business : 5734935096, 69, 1, [989881, 524969]
economy : 6743259060, 43, 0, [304415, 287260]
economy : 9421379699, 56, 2, [524969, 130998]
economy : 5461366364, 124, 1, [287260, 435109]
business : 8639329400, 116, 3, [130998, 890322]
business : 3265925810, 47, 2, [417038, 287260]
business : 2620465174, 179, 6, [141338, 104705]
business : 1231441517, 180, 2, [733227, 435109]
economy : 5989015296, 160, 3, [104705, 462145]
economy : 7814177724, 63, 0, [417038, 733227]
business : 2406901328, 123, 3, [141338, 733227]
business : 7693137065, 85, 2, [435109, 462145]
economy : 7143000766, 148, 2, [435109, 104705]
economy : 9098267240, 81, 0, [733227, 462145]
economy : 3341710559, 95, 1, [989881, 524969]
economy : 6490165705, 66, 1, [733227, 130998]
economy : 2016109781, 167, 1, [524969, 304415]
economy : 9240446967, 49, 1, [417038, 462145]
business : 8939808625, 137, 1, [435109, 417038]
business : 9385830982, 92, 2, [130998, 890322]
economy : 5738047814, 81, 3, [733227, 435109]
economy : 2303469062, 126, 4, [304415, 890322]
economy : 2219031463, 161, 0, [287260, 890322]
economy : 1523407231, 91, 2, [130998, 417038]
business : 1369872332, 196, 2, [304415, 524969]
business : 1877024908, 45, 1, [417038, 733227]
economy : 7723789656, 42, 5, [141338, 130998]
business : 2333734254, 79, 0, [462145, 417038]
economy : 5611129127, 170, 3, [890322, 524969]
economy : 1079297338, 54, 2, [304415, 890322]
economy : 5995043929, 102, 1, [141338, 733227]
economy : 4739401341, 101, 4, [287260, 417038]
economy : 2576774113, 66, 0, [304415, 733227]
business : 9979685240, 165, 3, [130998, 141338]
economy : 9554063749, 48, 1, [733227, 130998]
business : 1848330994, 41, 2, [104705, 524969]
economy : 7784025922, 186, 1, [304415, 462145]
business : 5661983145, 181, 4, [417038, 304415]
economy : 4893785322, 106, 0, [104705, 130998]
economy : 2363466058, 150, 3, [462145, 524969]
economy : 6746280469, 46, 1, [989881, 890322]
business : 6065216760, 155, 1, [733227, 287260]
economy : 3816770811, 115, 2, [104705, 989881]
business : 6262035597, 69, 2, [435109, 462145]
economy : 8600559367, 180, 0, [104705, 733227]
economy : 8350499345, 153, 1, [141338, 304415]
business : 8733127240, 108, 1, [417038, 104705]
economy : 9752177030, 92, 2, [989881, 417038]
business : 6726126259, 112, 3, [524969, 435109]
economy : 4893178338, 171, 1, [104705, 435109]
economy : 9565417151, 170, 1, [287260, 304415]
economy : 5993047805, 77, 2, [141338, 304415]
economy : 1226696060, 84, 3, [462145, 890322]
economy : 8027956921, 54, 4, [989881, 733227]
economy : 2931902082, 132, 0, [733227, 989881]
economy : 8640994015, 185, 7, [141338, 417038]
economy : 2334898053, 87, 2, [435109, 104705]
business : 5822179068, 132, 1, [130998, 462145]
economy : 5645315219, 155, 0, [141338, 104705]
economy : 6539318694, 143, 0, [304415, 524969]
economy : 2625305125, 55, 1, [417038, 435109]
business : 8424763855, 120, 2, [104705, 989881]
economy : 4654783044, 87, 5, [141338, 104705]
economy : 7146322021, 162, 4, [989881, 890322]
economy : 1685053372, 141, 0, [417038, 287260]
business : 2213735118, 146, 1, [104705, 287260]
business : 2102938739, 170, 0, [435109, 989881]
economy : 7656454420, 108, 2, [130998, 304415]
economy : 1952738120, 77, 6, [462145, 890322]
economy : 4828796748, 133, 1, [130998, 462145]
economy : 2848567507, 45, 1, [104705, 989881]
economy : 8499239186, 181, 3, [141338, 287260]
business : 4646864878, 132, 2, [462145, 524969]
economy : 8202817620, 72, 2, [890322, 733227]
business : 7038896413, 105, 6, [733227, 141338]
business : 2422015420, 65, 2, [304415, 462145]
economy : 1577660529, 116, 9, [989881, 524969]
economy : 3706855582, 75, 2, [524969, 417038]
business : 5688188716, 46, 7, [524969, 130998]
business : 2922202079, 192, 3, [462145, 733227]
business : 1613579511, 144, 1, [435109, 733227]
economy : 3638896823, 152, 0, [435109, 130998]
business : 5415915291, 116, 2, [130998, 435109]
economy : 9425040536, 58, 7, [304415, 435109]
economy : 5748723489, 114, 9, [524969, 141338]
economy : 6639207478, 42, 3, [524969, 130998]
business : 6910221157, 81, 1, [989881, 130998]
economy : 9598207105, 68, 3, [890322, 733227]
economy : 3207614638, 87, 3, [733227, 524969]
economy : 7091423450, 197, 5, [524969, 287260]
business : 2011397222, 131, 3, [141338, 287260]
economy : 3996168848, 69, 6, [524969, 304415]
business : 7472835045, 94, 2, [733227, 104705]
economy : 5982937420, 155, 3, [417038, 462145]
economy : 7085543154, 170, 0, [304415, 104705]
economy : 1190066300, 200, 1, [733227, 287260]
business : 1335528007, 175, 3, [989881, 890322]
economy : 9275346403, 122, 1, [141338, 130998]
economy : 5994968502, 103, 0, [890322, 287260]
economy : 3867374909, 103, 0, [130998, 287260]
business : 2581779765, 128, 5, [104705, 417038]
business : 2252701299, 112, 1, [524969, 462145]
economy : 2818650297, 129, 1, [989881, 890322]
economy : 4434310013, 78, 9, [890322, 435109]
economy : 3109445901, 141, 1, [417038, 524969]
economy : 1308053935, 130, 1, [435109, 104705]
economy : 9410920268, 100, 1, [890322, 287260]
economy : 9331157805, 72, 5, [890322, 130998]
economy : 6848995125, 122, 3, [890322, 104705]
economy : 5113559793, 73, 1, [890322, 130998]
economy : 4285047801, 46, 2, [435109, 462145]
business : 9254223007, 160, 0, [417038, 462145]
economy : 3138783567, 64, 1, [733227, 890322]
economy : 8852982692, 131, 2, [462145, 141338]
economy : 4527801577, 153, 9, [524969, 890322]
economy : 6870931200, 74, 1, [287260, 104705]
business : 1993539481, 139, 3, [130998, 104705]
economy : 3073527290, 163, 9, [462145, 890322]
business : 2938063996, 142, 0, [462145, 524969]
business : 2108843869, 106, 2, [462145, 890322]
economy : 9860682097, 100, 2, [462145, 733227]
business : 2580634459, 160, 4, [524969, 890322]
economy : 1358870534, 66, 1, [130998, 435109]
economy : 7139074196, 182, 1, [141338, 417038]
business : 4259095232, 101, 1, [304415, 890322]
economy : 4383887509, 197, 1, [287260, 524969]
economy : 7991493104, 146, 5, [130998, 435109]
business : 8247543052, 165, 0, [524969, 462145]
business : 8726926621, 187, 0, [890322, 304415]
economy : 4116095292, 136, 5, [141338, 462145]
economy : 8704045095, 148, 1, [141338, 435109]
economy : 4410458992, 116, 3, [417038, 989881]
economy : 2522438101, 134, 1, [417038, 141338]
economy : 9513326212, 59, 9, [417038, 304415]
economy : 5849244798, 123, 2, [104705, 130998]
business : 9573973101, 43, 4, [890322, 417038]
economy : 6362168268, 135, 0, [890322, 287260]
economy : 2228192876, 196, 2, [104705, 417038]
business : 5392090716, 185, 2, [104705, 989881]
economy : 6085659032, 98, 1, [417038, 304415]
economy : 9006091262, 182, 1, [890322, 524969]
economy : 7978765595, 162, 1, [104705, 417038]
economy : 9302382119, 113, 0, [524969, 890322]
economy : 5452915731, 72, 1, [287260, 890322]
economy : 2332072274, 130, 7, [304415, 130998]
luxury : 8432678514, 97, 10, [287260, 989881]
economy : 2610814851, 198, 1, [130998, 733227]
economy : 5526608799, 182, 1, [435109, 130998]
economy : 5376244399, 187, 2, [733227, 462145]
economy : 2328482210, 187, 1, [733227, 141338]
economy : 1924789045, 86, 0, [141338, 524969]
economy : 2570024333, 111, 2, [435109, 890322]
business : 9482457350, 137, 2, [130998, 524969]
business : 8208954635, 41, 1, [462145, 989881]
economy : 6698400846, 79, 3, [287260, 104705]
economy : 1991264719, 84, 3, [304415, 104705]
business : 6249028384, 41, 1, [287260, 989881]
economy : 8037102856, 58, 0, [130998, 417038]
economy : 4852286164, 88, 3, [304415, 435109]
economy : 3307883584, 51, 1, [304415, 287260]
economy : 4811677511, 53, 2, [435109, 417038]
economy : 5014005086, 82, 2, [287260, 989881]
economy : 7287955489, 92, 4, [462145, 435109]
economy : 9189376855, 148, 0, [417038, 462145]
economy : 9121413901, 182, 3, [104705, 130998]
economy : 7820303504, 181, 1, [989881, 462145]
business : 9434881753, 198, 5, [417038, 304415]
economy : 6092624050, 93, 1, [989881, 287260]
economy : 8956878157, 195, 6, [130998, 304415]
business : 8646867043, 91, 5, [733227, 417038]
business : 1160324976, 56, 6, [435109, 733227]
economy : 3979062824, 47, 4, [287260, 130998]
economy : 6934179953, 199, 1, [104705, 141338]
first : 7265990341, 192, 8, [989881, 104705]
business : 5401448626, 129, 2, [141338, 890322]
economy : 1101605547, 89, 1, [524969, 141338]
economy : 5111648938, 158, 2, [141338, 435109]
economy : 3779923250, 167, 0, [417038, 462145]
business : 1249265008, 109, 4, [733227, 890322]
economy : 5321469636, 114, 3, [435109, 304415]
economy : 2244902140, 73, 1, [417038, 435109]
business : 6453348878, 161, 0, [287260, 417038]
economy : 9311949896, 151, 2, [733227, 524969]
economy : 6164823752, 127, 2, [304415, 524969]
economy : 1265312057, 177, 5, [130998, 304415]
business : 7532881404, 100, 0, [989881, 417038]
economy : 1666540476, 54, 5, [104705, 989881]
business : 9802184736, 60, 1, [287260, 104705]
business : 7672710225, 174, 2, [287260, 104705]
economy : 5544222713, 91, 1, [417038, 141338]
economy : 3874210459, 134, 1, [435109, 104705]
economy : 6412154285, 51, 2, [435109, 733227]
economy : 1074219229, 127, 2, [130998, 104705]
economy : 5019136255, 59, 1, [304415, 141338]
economy : 1318925648, 174, 4, [524969, 462145]
business : 9729956495, 159, 7, [890322, 141338]
business : 4747886127, 109, 2, [141338, 435109]
economy : 1255668321, 169, 1, [989881, 304415]
economy : 6505109409, 92, 1, [524969, 890322]
business : 3850195530, 136, 3, [989881, 524969]
economy : 4196121840, 170, 2, [141338, 462145]
economy : 7861430458, 192, 3, [304415, 890322]
economy : 7709120587, 58, 1, [435109, 304415]
economy : 6268369755, 129, 2, [890322, 435109]
economy : 9772543146, 62, 2, [104705, 462145]
economy : 4354246322, 65, 1, [130998, 890322]
economy : 3308759877, 137, 1, [462145, 417038]
economy : 3729342131, 184, 2, [104705, 417038]
economy : 6513957647, 44, 1, [890322, 287260]
business : 1906823317, 62, 1, [417038, 287260]
economy : 5822857555, 72, 1, [890322, 462145]
business : 2962877802, 72, 2, [733227, 287260]
business : 3832255415, 194, 0, [130998, 733227]
business : 2709990306, 179, 1, [524969, 462145]
business : 5471038456, 162, 2, [304415, 989881]
economy : 7461960672, 134, 2, [733227, 304415]
economy : 6726313824, 170, 4, [417038, 435109]
economy : 8454257388, 185, 1, [417038, 989881]
economy : 1380406496, 142, 6, [130998, 141338]
business : 4130933401, 89, 5, [890322, 435109]
economy : 1948760130, 126, 1, [524969, 104705]
business : 3314081909, 46, 1, [435109, 104705]
business : 5280821769, 138, 5, [287260, 304415]
business : 8173079344, 117, 1, [304415, 417038]
economy : 5936639524, 93, 7, [287260, 304415]
economy : 7970504764, 85, 10, [435109, 417038]
economy : 5643809653, 117, 0, [287260, 890322]
economy : 6472895247, 54, 1, [890322, 417038]
economy : 3428420584, 56, 1, [141338, 462145]
economy : 9413155693, 142, 4, [733227, 417038]
economy : 5753974682, 151, 1, [304415, 130998]
business : 5482476059, 136, 1, [417038, 104705]
business : 5871869602, 186, 2, [733227, 524969]
economy : 7841231578, 62, 1, [417038, 435109]
economy : 9957456530, 179, 1, [130998, 435109]
economy : 8963212023, 131, 3, [462145, 435109]
economy : 8513320944, 142, 4, [524969, 462145]
economy : 4796456121, 181, 3, [141338, 890322]
economy : 3780311585, 184, 1, [989881, 141338]
economy : 5750740699, 73, 8, [890322, 524969]
economy : 8977688884, 148, 4, [890322, 524969]
economy : 8299147509, 93, 1, [435109, 462145]
economy : 2190204636, 170, 0, [462145, 141338]
economy : 9396985556, 82, 1, [417038, 435109]
business : 1922676354, 61, 1, [989881, 733227]
economy : 5313595090, 165, 1, [304415, 733227]
economy : 5266900811, 190, 3, [890322, 130998]
economy : 7618432939, 46, 1, [989881, 733227]
economy : 8229234403, 168, 1, [462145, 989881]
business : 6817762303, 115, 9, [130998, 890322]
economy : 5331658555, 199, 1, [989881, 462145]
economy : 3801290587, 121, 2, [524969, 417038]
business : 9338234750, 78, 1, [733227, 989881]
economy : 9673410326, 58, 10, [890322, 435109]
economy : 1863425619, 160, 1, [104705, 130998]
economy : 4276556215, 130, 3, [462145, 130998]
economy : 2889244345, 132, 2, [304415, 989881]
economy : 9757154616, 61, 1, [417038, 462145]
business : 7804233763, 105, 6, [287260, 104705]
business : 4786076497, 43, 1, [130998, 524969]
economy : 4512882429, 99, 2, [989881, 304415]
economy : 1673664504, 117, 1, [141338, 104705]
luxury : 9369033289, 158, 1, [890322, 304415]
economy : 8744477342, 53, 0, [287260, 524969]
economy : 1740790928, 83, 2, [733227, 435109]
business : 5666927019, 178, 2, [435109, 417038]
economy : 9893419259, 172, 0, [524969, 304415]
economy : 8924413733, 170, 3, [304415, 104705]
economy : 8208788003, 183, 1, [890322, 130998]
economy : 6578382912, 164, 5, [462145, 104705]
economy : 9375081481, 197, 0, [304415, 141338]
economy : 7977477482, 40, 0, [304415, 417038]
economy : 2583722188, 62, 1, [417038, 130998]
economy : 8785991411, 188, 4, [104705, 141338]
economy : 4851758737, 92, 1, [104705, 417038]
economy : 4646544279, 71, 0, [287260, 890322]
economy : 4042165873, 175, 2, [462145, 141338]
economy : 2660510964, 132, 3, [304415, 141338]
economy : 9194568774, 100, 0, [417038, 524969]
economy : 5373066426, 134, 3, [435109, 141338]
economy : 6586498420, 135, 1, [435109, 130998]
economy : 1377763550, 74, 2, [435109, 733227]
business : 8551104909, 111, 1, [462145, 304415]
economy : 9189286606, 86, 1, [287260, 130998]
economy : 6238413837, 157, 1, [417038, 435109]
economy : 5845051976, 119, 1, [890322, 141338]
economy : 8069428190, 106, 2, [104705, 287260]
business : 3386022335, 71, 3, [104705, 524969]
economy : 1035154373, 103, 2, [130998, 733227]
business : 2376529619, 166, 3, [287260, 524969]
economy : 1139146186, 135, 1, [890322, 287260]
economy : 7486787621, 116, 0, [435109, 989881]
economy : 8770710831, 83, 0, [304415, 890322]
economy : 2077489184, 67, 1, [462145, 989881]
economy : 5282453098, 162, 2, [435109, 417038]
economy : 6351822837, 55, 4, [141338, 130998]
business : 5157819083, 62, 3, [435109, 417038]
business : 7823140845, 172, 0, [130998, 733227]
economy : 5322393392, 46, 3, [462145, 141338]
economy : 2404469935, 72, 2, [304415, 435109]
business : 3559079903, 122, 2, [989881, 462145]
economy : 2049737052, 112, 2, [287260, 304415]
business : 2192915764, 182, 2, [435109, 141338]
business : 1986507523, 199, 2, [524969, 130998]
economy : 8806599938, 76, 9, [104705, 733227]
economy : 9960983237, 113, 1, [141338, 524969]
economy : 9496584112, 56, 0, [989881, 287260]
economy : 1225865039, 149, 3, [733227, 524969]
economy : 9807870830, 80, 0, [890322, 989881]
business : 5480256967, 42, 7, [989881, 733227]
business : 2318622638, 103, 8, [733227, 104705]
economy : 6978346645, 46, 0, [287260, 462145]
business : 5144680870, 52, 10, [524969, 417038]
business : 3082226429, 64, 2, [462145, 733227]
economy : 4017012319, 132, 6, [304415, 890322]
economy : 2559935140, 65, 0, [130998, 304415]
economy : 7098110958, 42, 2, [417038, 989881]
economy : 4573485921, 177, 2, [462145, 304415]
economy : 5649054778, 154, 3, [287260, 141338]
business : 8485366404, 118, 1, [890322, 304415]
economy : 1761864427, 195, 0, [130998, 890322]
economy : 3767401757, 197, 1, [141338, 524969]
business : 4400829734, 72, 3, [462145, 989881]
economy : 3588989147, 93, 1, [417038, 890322]
economy : 8658650615, 190, 3, [890322, 104705]
business : 3818599395, 120, 1, [733227, 304415]
economy : 2855974174, 113, 0, [524969, 141338]
business : 9688396053, 125, 9, [462145, 435109]
business : 9709730026, 154, 0, [141338, 435109]
business : 4759502947, 136, 5, [435109, 989881]
economy : 4355694823, 193, 2, [890322, 733227]
economy : 5397508839, 84, 0, [304415, 890322]
economy : 6961409661, 141, 6, [417038, 524969]
economy : 2015527058, 73, 0, [524969, 733227]
business : 8834643274, 63, 1, [141338, 462145]
economy : 6471296535, 136, 1, [130998, 890322]
business : 7615957667, 178, 0, [524969, 104705]
economy : 5274779986, 112, 1, [130998, 287260]
economy : 9743446445, 53, 0, [287260, 733227]
economy : 9584124830, 111, 1, [462145, 287260]
economy : 1127541337, 124, 1, [733227, 141338]
business : 5137606507, 48, 1, [141338, 287260]
economy : 9962586268, 126, 0, [417038, 462145]
business : 9320802438, 166, 4, [104705, 435109]
economy : 8322947205, 160, 0, [989881, 524969]
economy : 4506370702, 119, 2, [104705, 435109]
economy : 3844780111, 176, 4, [130998, 524969]
economy : 4520008827, 197, 6, [524969, 989881]
economy : 8879600622, 69, 1, [435109, 890322]
economy : 8818960593, 185, 5, [130998, 104705]
economy : 3168585746, 159, 1, [287260, 989881]
business : 3265130729, 152, 0, [130998, 890322]
economy : 1235638354, 123, 2, [417038, 890322]
economy : 8659154748, 40, 2, [989881, 890322]
economy : 3523918539, 104, 7, [890322, 524969]
economy : 7373877958, 68, 2, [733227, 435109]
business : 8265182111, 143, 3, [104705, 435109]
economy : 3635209086, 183, 0, [890322, 141338]
economy : 8678817865, 78, 0, [435109, 462145]
economy : 4718975116, 148, 2, [989881, 435109]
economy : 6112221720, 165, 1, [104705, 304415]
economy : 9098782708, 183, 3, [141338, 989881]
business : 6081861484, 189, 2, [141338, 287260]
business : 7378101036, 116, 4, [104705, 304415]
business : 4553103094, 69, 4, [733227, 989881]
economy : 6384632504, 79, 5, [130998, 524969]
economy : 1710306632, 175, 5, [104705, 435109]
business : 4263967949, 89, 1, [733227, 890322]
economy : 1360728740, 164, 1, [462145, 287260]
economy : 4805949192, 151, 9, [989881, 435109]
business : 3658981208, 80, 2, [141338, 304415]
economy : 9865628582, 51, 9, [130998, 462145]
economy : 4098047903, 82, 5, [287260, 733227]
economy : 6413046225, 163, 5, [417038, 287260]
economy : 5290851511, 188, 3, [287260, 435109]
economy : 1094639211, 164, 1, [524969, 287260]
business : 9042657089, 90, 5, [462145, 304415]
economy : 5799648655, 66, 0, [890322, 989881]
economy : 7424499013, 118, 0, [287260, 417038]
economy : 9193275034, 98, 0, [104705, 989881]
economy : 4127461259, 63, 2, [989881, 462145]
economy : 6890501331, 135, 1, [435109, 417038]
economy : 9614029177, 64, 3, [104705, 130998]
economy : 5551507309, 144, 1, [417038, 462145]
economy : 7685848881, 60, 2, [104705, 733227]
economy : 3398603917, 186, 1, [417038, 141338]
economy : 6195887763, 108, 0, [462145, 130998]
economy : 8772394440, 137, 1, [989881, 462145]
economy : 2784833496, 55, 1, [890322, 141338]
economy : 2449463523, 126, 0, [733227, 524969]
economy : 1303059872, 130, 1, [130998, 287260]
business : 4709339562, 145, 1, [141338, 304415]
business : 5330474685, 81, 0, [141338, 524969]
economy : 8372438860, 92, 1, [462145, 733227]
business : 6673625267, 141, 3, [733227, 989881]
economy : 7201193226, 114, 4, [304415, 890322]
economy : 4635095711, 165, 1, [435109, 141338]
economy : 5695434072, 113, 1, [417038, 462145]
economy : 7294791225, 196, 1, [524969, 733227]
business : 2753297882, 187, 1, [890322, 104705]
economy : 8767904596, 140, 0, [462145, 104705]
business : 1568240968, 121, 2, [524969, 733227]
economy : 5626191931, 126, 2, [104705, 304415]
first : 8031484903, 100, 3, [104705, 989881]
economy : 4812006461, 90, 1, [104705, 141338]
economy : 7192295506, 138, 1, [104705, 417038]
economy : 1335069565, 113, 0, [417038, 462145]
economy : 8197909092, 162, 2, [989881, 733227]
business : 9614956562, 183, 3, [104705, 304415]
economy : 7389695224, 76, 2, [130998, 435109]
economy : 4606677372, 102, 2, [304415, 104705]
business : 8893311792, 50, 5, [130998, 989881]
economy : 2513325932, 158, 1, [304415, 524969]
business : 4314205952, 135, 0, [417038, 141338]
economy : 7490235327, 186, 1, [104705, 890322]
economy : 2987552637, 62, 1, [890322, 104705]
first : 1428923537, 188, 1, [104705, 890322]
economy : 6923342622, 51, 1, [104705, 733227]
business : 8186689729, 188, 1, [304415, 130998]
business : 8298695602, 120, 2, [130998, 287260]
economy : 6779457029, 124, 1, [524969, 130998]
economy : 6255179318, 92, 1, [287260, 989881]
economy : 5924399189, 65, 1, [141338, 435109]
economy : 1298522431, 184, 0, [733227, 989881]
economy : 1780878300, 174, 1, [304415, 417038]
economy : 6242554352, 40, 3, [130998, 524969]
economy : 1681122198, 160, 3, [141338, 733227]
economy : 4283881671, 72, 6, [462145, 435109]
business : 6679739635, 42, 1, [417038, 524969]
business : 5629977859, 65, 1, [304415, 524969]
business : 7492033802, 96, 0, [435109, 890322]
economy : 6332343250, 160, 0, [130998, 287260]
economy : 7384688640, 102, 1, [141338, 435109]
economy : 8672604162, 94, 3, [287260, 989881]
economy : 2417219147, 123, 4, [141338, 989881]
economy : 2441419016, 137, 1, [890322, 104705]
economy : 1526066817, 89, 1, [462145, 141338]
economy : 7185969519, 132, 1, [890322, 141338]
economy : 3256243993, 76, 0, [287260, 890322]
economy : 8321011002, 168, 1, [141338, 462145]
economy : 5491317875, 79, 0, [304415, 287260]
economy : 6871388053, 95, 3, [524969, 435109]
economy : 9541411661, 187, 2, [435109, 417038]
economy : 1439614749, 122, 2, [524969, 417038]
economy : 5182425525, 186, 4, [733227, 524969]
economy : 6975306101, 63, 10, [417038, 141338]
economy : 4733888095, 181, 2, [141338, 524969]
business : 4610379458, 161, 1, [141338, 989881]
economy : 6850867853, 71, 3, [417038, 141338]
economy : 5287977420, 124, 7, [141338, 462145]
economy : 5454586962, 178, 3, [989881, 524969]
economy : 6739303546, 121, 5, [141338, 524969]
economy : 8746536423, 193, 2, [141338, 989881]
business : 8867813123, 67, 6, [890322, 989881]
economy : 9553997266, 169, 2, [462145, 733227]
economy : 3415494998, 175, 2, [130998, 141338]
economy : 7299374657, 166, 2, [462145, 989881]
economy : 1123205944, 174, 1, [462145, 287260]
economy : 3069514685, 75, 0, [989881, 890322]
economy : 2587949753, 71, 2, [524969, 104705]
economy : 8347867088, 102, 1, [141338, 287260]
economy : 9237346903, 50, 1, [141338, 417038]
economy : 8968588563, 187, 6, [989881, 287260]
business : 9288642105, 178, 2, [304415, 104705]
business : 6228000631, 152, 2, [435109, 989881]
economy : 1824285601, 189, 2, [287260, 890322]
business : 6587566636, 145, 9, [462145, 130998]
economy : 2850271396, 62, 2, [462145, 287260]
business : 3955712414, 181, 1, [989881, 130998]
economy : 2523845579, 168, 1, [104705, 524969]
economy : 5170320586, 186, 3, [141338, 989881]
economy : 9326008608, 142, 2, [462145, 435109]
economy : 4770161720, 62, 2, [733227, 989881]
business : 7478589176, 132, 1, [287260, 304415]
business : 7523538729, 41, 1, [141338, 989881]
economy : 2741193774, 169, 3, [462145, 989881]
economy : 2219586043, 151, 1, [304415, 462145]
economy : 2722446660, 127, 2, [130998, 104705]
business : 9791451878, 176, 2, [141338, 130998]
economy : 3247755376, 64, 6, [417038, 435109]
business : 2510619273, 48, 0, [104705, 462145]
economy : 8133242433, 56, 2, [733227, 304415]
economy : 9706857543, 199, 3, [287260, 304415]
business : 2549279040, 190, 3, [989881, 104705]
economy : 2605941361, 137, 1, [417038, 462145]
business : 1727107632, 111, 1, [435109, 524969]
economy : 5856175567, 186, 0, [733227, 524969]
economy : 6057364929, 49, 2, [435109, 417038]
economy : 6074423008, 91, 8, [104705, 130998]
economy : 5164588620, 132, 3, [304415, 130998]
economy : 8842357781, 134, 8, [417038, 890322]
economy : 6567143229, 140, 2, [733227, 417038]
economy : 6155358082, 171, 1, [435109, 733227]
economy : 6147041766, 153, 1, [989881, 141338]
economy : 7347843244, 81, 1, [287260, 435109]
economy : 7969206978, 115, 5, [435109, 417038]
business : 3127609460, 104, 2, [733227, 304415]
economy : 5318920580, 91, 6, [417038, 462145]
economy : 9209473022, 75, 2, [733227, 141338]
business : 5941667764, 96, 3, [304415, 733227]
business : 9393081515, 51, 6, [141338, 130998]
economy : 6589875627, 151, 3, [130998, 890322]
economy : 3434568958, 194, 2, [733227, 130998]
economy : 4124851730, 85, 4, [304415, 989881]
economy : 3089486921, 198, 9, [104705, 287260]
economy : 5866459749, 180, 1, [287260, 524969]
economy : 9304147495, 79, 0, [733227, 462145]
business : 9429817024, 44, 0, [435109, 287260]
economy : 7616717093, 199, 1, [287260, 141338]
economy : 1619500207, 74, 2, [104705, 890322]
business : 9484638647, 131, 2, [989881, 435109]
economy : 5667684697, 133, 3, [104705, 130998]
economy : 7474471447, 194, 0, [733227, 462145]
business : 5645135610, 138, 3, [304415, 130998]
business : 5365581599, 41, 9, [304415, 417038]
economy : 7598527560, 192, 8, [104705, 304415]
economy : 3701587375, 81, 5, [104705, 287260]
economy : 5796530790, 171, 8, [890322, 462145]
business : 7623855662, 135, 3, [435109, 141338]
economy : 1786328305, 50, 7, [989881, 890322]
economy : 4609032773, 95, 0, [304415, 141338]
economy : 1834273871, 113, 9, [733227, 287260]
economy : 5382455778, 183, 2, [417038, 141338]
economy : 7295265694, 52, 2, [462145, 141338]
business : 8474757435, 198, 3, [524969, 890322]
business : 1190165969, 194, 2, [287260, 141338]
business : 4883000164, 57, 5, [435109, 989881]
business : 2938940820, 92, 2, [890322, 524969]
economy : 2993635170, 83, 2, [104705, 733227]
business : 1134046261, 109, 1, [733227, 104705]
economy : 1815225632, 179, 1, [104705, 733227]
business : 9029194327, 109, 1, [462145, 417038]
business : 7960392578, 42, 2, [304415, 989881]
business : 4174638249, 137, 3, [417038, 890322]
business : 2665922331, 58, 2, [435109, 104705]
economy : 8099805043, 81, 3, [733227, 989881]
economy : 5438624269, 97, 2, [989881, 304415]
economy : 7243652863, 46, 0, [417038, 104705]
economy : 3607756938, 58, 6, [417038, 141338]
business : 9237593717, 87, 2, [462145, 304415]
economy : 8307637230, 52, 0, [304415, 733227]
first : 9905533165, 116, 0, [462145, 104705]
economy : 1495721776, 63, 2, [989881, 104705]
economy : 8443514850, 122, 2, [435109, 287260]
economy : 4236379534, 72, 0, [435109, 104705]
business : 7217951318, 52, 7, [462145, 435109]
business : 2083864902, 113, 3, [733227, 287260]
business : 7861185362, 123, 2, [733227, 435109]
economy : 7227357845, 100, 1, [287260, 462145]
economy : 5472461207, 78, 2, [141338, 435109]
economy : 8589761864, 157, 2, [287260, 462145]
economy : 6636550945, 84, 3, [304415, 130998]
business : 1945646178, 150, 2, [130998, 890322]
economy : 9811616829, 136, 6, [287260, 462145]
economy : 2050772105, 80, 2, [104705, 989881]
economy : 1292684526, 118, 10, [287260, 104705]
business : 2646091283, 117, 2, [417038, 141338]
economy : 1161316512, 167, 0, [462145, 304415]
economy : 7573837009, 149, 0, [435109, 733227]
economy : 1303470105, 153, 1, [104705, 435109]
business : 7856612592, 180, 1, [435109, 304415]
economy : 2391169780, 171, 4, [733227, 130998]
economy : 9943960657, 172, 1, [417038, 287260]
business : 7075407843, 92, 2, [304415, 104705]
business : 4930240312, 165, 1, [104705, 989881]
economy : 3396498358, 185, 2, [733227, 417038]
economy : 9797595252, 93, 0, [417038, 130998]
business : 3701932402, 141, 1, [733227, 989881]
economy : 8328566723, 42, 2, [304415, 435109]
business : 2888179159, 51, 1, [287260, 890322]
economy : 7585303436, 173, 2, [989881, 287260]
economy : 8232420437, 97, 2, [890322, 989881]
business : 9581439011, 138, 1, [890322, 141338]
business : 8535012301, 91, 3, [287260, 141338]
business : 9814734303, 136, 2, [130998, 989881]
economy : 5714605666, 40, 0, [141338, 524969]
economy : 6894627240, 132, 2, [304415, 130998]
business : 2358970174, 84, 0, [130998, 287260]
business : 8978104634, 53, 2, [890322, 417038]
economy : 3900189974, 135, 2, [304415, 417038]
economy : 2680409499, 85, 3, [462145, 130998]
business : 2476121079, 67, 5, [989881, 733227]
economy : 5746914909, 127, 1, [733227, 989881]
economy : 5456631885, 43, 7, [462145, 304415]
economy : 2147114987, 181, 2, [890322, 287260]
economy : 3922373046, 49, 1, [130998, 104705]
economy : 8857334949, 74, 4, [304415, 462145]
economy : 3778535222, 178, 6, [141338, 524969]
business : 9727078439, 200, 1, [104705, 417038]
economy : 8272264441, 116, 1, [130998, 304415]
economy : 8994862462, 82, 0, [733227, 417038]
economy : 7260869641, 67, 0, [304415, 287260]
economy : 4553587515, 57, 0, [104705, 304415]
economy : 4879601952, 185, 3, [141338, 524969]
economy : 6384275348, 94, 2, [417038, 304415]
business : 5799165728, 132, 1, [304415, 104705]
business : 6618652112, 72, 4, [989881, 304415]
economy : 6155580644, 191, 2, [733227, 989881]
business : 6135121045, 103, 3, [524969, 304415]
business : 3009704414, 131, 0, [304415, 524969]
economy : 4125043591, 52, 4, [435109, 417038]
business : 8587755319, 120, 2, [524969, 417038]
economy : 5925324070, 75, 2, [304415, 733227]
economy : 4071400805, 158, 2, [733227, 462145]
economy : 3094520532, 135, 1, [733227, 890322]
business : 7564809750, 112, 1, [462145, 435109]
economy : 3028449445, 166, 4, [287260, 462145]
business : 3103145375, 171, 0, [287260, 141338]
economy : 7921372164, 178, 2, [104705, 435109]
economy : 9397823024, 111, 0, [462145, 141338]
economy : 5521600537, 77, 2, [435109, 141338]
economy : 7109742385, 138, 3, [417038, 130998]
economy : 1072198363, 77, 1, [524969, 417038]
economy : 2477524589, 136, 2, [524969, 435109]
economy : 1529591253, 50, 2, [989881, 524969]
business : 1327546416, 135, 1, [104705, 435109]
economy : 6586868770, 192, 1, [524969, 304415]
economy : 9865393019, 65, 1, [304415, 141338]
business : 4495401807, 81, 4, [462145, 104705]
business : 5281337011, 68, 2, [130998, 989881]
economy : 3459606436, 65, 1, [890322, 435109]
business : 8789809168, 51, 0, [890322, 141338]
economy : 9930745793, 84, 2, [890322, 989881]
business : 7497873969, 55, 0, [462145, 130998]
economy : 5064122428, 102, 2, [130998, 524969]
business : 2523576338, 109, 3, [890322, 989881]
economy : 4658731505, 126, 6, [733227, 890322]
business : 3291342457, 164, 1, [989881, 287260]
economy : 7865743939, 54, 4, [287260, 435109]
business : 1459313831, 112, 4, [304415, 890322]
economy : 9151350045, 56, 1, [733227, 989881]
economy : 4538481553, 113, 4, [524969, 462145]
economy : 4941305132, 93, 3, [462145, 104705]
economy : 5631260752, 129, 3, [287260, 141338]
economy : 1063867760, 161, 1, [304415, 524969]
economy : 5551781465, 192, 2, [733227, 462145]
business : 8050846151, 119, 1, [890322, 141338]
business : 9552966043, 172, 1, [989881, 304415]
economy : 7080156325, 76, 0, [890322, 304415]
business : 7356855769, 120, 6, [890322, 524969]
economy : 3941672701, 148, 5, [733227, 524969]
business : 6299697290, 48, 7, [989881, 130998]
economy : 1780403750, 86, 1, [989881, 104705]
economy : 2126679207, 115, 6, [304415, 524969]
economy : 8104213048, 147, 2, [130998, 435109]
economy : 6216043944, 68, 0, [130998, 141338]
business : 1396267168, 55, 9, [435109, 104705]
business : 5392262124, 152, 2, [524969, 141338]
business : 6370434017, 130, 1, [287260, 104705]
economy : 9317894785, 85, 1, [890322, 435109]
economy : 6463735600, 176, 1, [524969, 130998]
economy : 2852201976, 99, 0, [524969, 130998]
economy : 8833269174, 174, 0, [417038, 104705]
economy : 4210931525, 173, 2, [104705, 304415]
business : 9776741457, 120, 1, [733227, 435109]
business : 9797326332, 139, 2, [417038, 890322]
economy : 8989593520, 146, 2, [890322, 462145]
economy : 4318924693, 177, 1, [435109, 417038]
business : 4319639486, 159, 6, [130998, 435109]
economy : 7229102987, 189, 0, [287260, 130998]
economy : 9734849771, 57, 1, [304415, 104705]
business : 4777261967, 54, 2, [890322, 417038]
economy : 8916499811, 188, 9, [989881, 141338]
economy : 3975240529, 95, 9, [524969, 462145]
economy : 9104144939, 124, 2, [141338, 435109]
economy : 7307598776, 65, 2, [462145, 733227]
economy : 8436249707, 124, 2, [989881, 304415]
business : 3621276714, 195, 0, [417038, 733227]
business : 5630218778, 44, 1, [435109, 130998]
business : 8062759595, 191, 1, [435109, 104705]
economy : 2821742117, 111, 5, [304415, 435109]
economy : 5256337864, 150, 1, [304415, 130998]
business : 9657057213, 108, 4, [130998, 989881]
economy : 4816767434, 64, 0, [141338, 304415]
economy : 8163744126, 103, 3, [890322, 130998]
business : 5632502876, 155, 1, [989881, 141338]
economy : 7888234545, 49, 2, [890322, 989881]
economy : 2079242627, 159, 7, [890322, 141338]
economy : 2923952096, 160, 1, [104705, 304415]
economy : 1822422879, 116, 1, [524969, 435109]
economy : 2080306606, 60, 0, [304415, 287260]
economy : 1301153185, 57, 1, [304415, 462145]
economy : 5331203260, 143, 2, [733227, 890322]
economy : 2702526088, 146, 1, [130998, 989881]
economy : 5565636094, 68, 1, [524969, 287260]
business : 6090019849, 58, 2, [435109, 104705]
economy : 9450544224, 126, 5, [304415, 462145]
economy : 8821435165, 88, 10, [733227, 304415]
economy : 7220482614, 151, 1, [524969, 462145]
economy : 2477631803, 146, 1, [287260, 733227]
economy : 7416182713, 165, 3, [733227, 417038]
economy : 5316278051, 197, 1, [524969, 287260]
economy : 4779724351, 83, 0, [890322, 462145]
business : 2886555646, 78, 2, [104705, 417038]
business : 4031138061, 97, 1, [890322, 733227]
economy : 1798457020, 119, 4, [435109, 104705]
economy : 7641072953, 153, 5, [287260, 141338]
economy : 8127639026, 175, 2, [989881, 890322]
economy : 5489604012, 80, 3, [104705, 462145]
economy : 2507066307, 102, 2, [141338, 104705]
business : 1245398329, 67, 0, [524969, 890322]
economy : 5076429546, 131, 1, [890322, 435109]
economy : 3140266338, 40, 1, [130998, 733227]
economy : 6418391064, 192, 10, [141338, 304415]
economy : 9942779022, 188, 2, [989881, 141338]
economy : 8230378564, 45, 1, [524969, 104705]
business : 1651094684, 121, 1, [524969, 130998]
business : 6149309683, 88, 0, [417038, 462145]
business : 3109204131, 114, 3, [890322, 417038]
economy : 1302614472, 188, 1, [435109, 417038]
economy : 2849921327, 180, 4, [287260, 304415]
economy : 4646813870, 158, 2, [733227, 989881]
economy : 8631023194, 50, 9, [130998, 524969]
economy : 2620800436, 136, 1, [304415, 890322]
economy : 9369581869, 73, 1, [130998, 141338]
economy : 4109885725, 189, 2, [524969, 890322]
economy : 9988210741, 56, 0, [462145, 989881]
economy : 2322557848, 109, 0, [141338, 462145]
economy : 6479529727, 102, 2, [462145, 890322]
economy : 7284317952, 113, 2, [104705, 462145]
economy : 4395121944, 177, 0, [304415, 989881]
economy : 8576127686, 185, 3, [141338, 733227]
economy : 1083724403, 84, 3, [104705, 989881]
business : 3178257785, 200, 1, [462145, 435109]
economy : 3896379537, 77, 1, [304415, 417038]
business : 6735778602, 162, 2, [462145, 287260]
business : 5041011570, 98, 4, [304415, 130998]
economy : 2490506558, 87, 2, [287260, 462145]
