
user6009
compiling...
Note: src/project/airlineContainer/Airline.java uses unchecked or unsafe operations.
Note: Recompile with -Xlint:unchecked for details.
running...
input0.txt testing...
0 943823 1 = 0
3 0 140000.0 = -6160000.0
2 0 20 20 4 = 0
4 4499857114 0 943823 = -11699.1
4 2256204372 0 943823 = -11699.1
4 3652796198 0 943823 = -14623.875
3 0 0.0 = -0.0
1 526745 0 = -304961.2925544797
3 0 41230.54227751971 = -2947983.772842659
1 683734 0 = -422295.6722952032
3 0 35840.797181464615 = -1699212.1943732372
1 836762 0 = -195852.37352396292
5 4499857114 0 836762 = 2047.527941577099
5 2256204372 0 836762 = 2827.5385859874227
5 3652796198 0 836762 = 21840.298043489052
Profit: -1.174161201601849E7
Revenue 26715.364571053575
Expense 1.1768327380589543E7
input1.txt testing...
0 643504 1 = 0
3 0 140000.0 = -6237000.0
2 0 20 20 4 = 0
4 3123293166 0 643504 = -15167.25
4 5968771292 0 643504 = -12133.8
4 7204969724 0 643504 = -12133.8
3 0 0.0 = -0.0
1 919072 0 = -281597.8669476649
3 0 39691.90439582469 = -2379529.6685296902
1 267593 0 = -245322.20693861283
5 3123293166 0 267593 = 10868.19386701203
5 5968771292 0 267593 = 970.3744524117885
5 7204969724 0 267593 = 926.2665227567072
Profit: -9170119.757573787
Revenue 12764.834842180526
Expense 9182884.592415968
input10.txt testing...
0 160287 1 = 0
3 0 140000.0 = -7268800.0
2 0 20 20 4 = 0
4 9383985415 0 160287 = -11018.699999999999
4 3283107402 0 160287 = -13773.375
4 8942742259 0 160287 = -11018.699999999999
3 0 0.0 = -0.0
1 284398 0 = -204153.18170343482
3 0 42376.817219333825 = -2643042.0899698506
1 791651 0 = -215643.83281902975
3 0 38670.89947174728 = -2884075.682602912
1 282798 0 = -327688.61388038524
3 0 36859.69010181262 = -3434217.326785882
1 847563 0 = -337532.54520994565
3 0 36242.88098650053 = -3077745.4533736254
1 334802 0 = -266307.73021754355
3 0 36885.233710628556 = -2483113.9333995143
1 198570 0 = -240527.7474353402
3 0 39031.84872141134 = -4190459.2787307217
1 921290 0 = -243136.1741922209
3 0 39032.3809117786 = -2623366.3210806395
1 107284 0 = -303835.69005347573
3 0 38368.12086469476 = -3950381.7242289726
1 695011 0 = -287505.506030782
3 0 37575.480497478246 = -2798246.032647205
1 958156 0 = -217545.6447206662
3 0 41546.2062255262 = -3948551.43967401
1 994227 0 = -204493.96658262535
3 0 39185.176286525355 = -4051747.228026722
1 980804 0 = -173070.8628482261
3 0 37268.93349987897 = -2004695.9329584897
1 712588 0 = -221275.48077352258
3 0 38515.79417829808 = -3554622.64471513
1 156899 0 = -367246.20271091745
3 0 39453.52313806399 = -2799227.4666456403
1 528618 0 = -310989.5134973703
3 0 40293.63372611205 = -4237278.522637943
1 934760 0 = -258213.57885149325
5 9383985415 0 934760 = 2469.899338706669
5 8942742259 0 934760 = 2469.899338706669
5 3283107402 0 934760 = 28980.15224082491
Profit: -6.013062817308601E7
Revenue 33919.950918238246
Expense 6.0164548124004245E7
input11.txt testing...
0 336937 1 = 0
3 0 140000.0 = -6575800.0
2 0 20 20 4 = 0
4 5615472657 0 336937 = -11680.199999999999
4 9591130507 0 336937 = -11680.199999999999
4 8998882739 0 336937 = -11680.199999999999
3 0 0.0 = -0.0
1 969816 0 = -276652.6767141878
3 0 37121.839968371656 = -3062551.7973906617
1 988747 0 = -341194.9599485276
3 0 38454.1127054964 = -4103053.8256764663
1 875332 0 = -367748.9674041071
3 0 38540.589893902405 = -2709018.0636424003
1 558288 0 = -393151.4921995808
3 0 37579.06236365094 = -3699658.689701435
1 620660 0 = -236283.7410079601
3 0 36639.82005228363 = -2172374.930899896
1 476691 0 = -221004.0004696192
3 0 39781.74809105016 = -3811489.284603516
1 377718 0 = -437457.4900424769
3 0 40368.13184766375 = -3987564.0639122254
1 487170 0 = -217594.1511598497
3 0 37494.56567362735 = -3678966.783896316
1 249300 0 = -285535.52629824716
3 0 38333.83540448494 = -3457711.9534845417
1 893033 0 = -282864.6939411086
3 0 35765.73302436821 = -3820137.944332768
1 165168 0 = -354422.70965414465
3 0 36027.601909596604 = -3031722.7006925545
1 410658 0 = -449056.45132991555
3 0 36518.651981320276 = -3936710.6835863255
1 689066 0 = -409756.1004346115
3 0 37755.66467183409 = -2180389.6347984187
1 245916 0 = -297265.30542669486
3 0 38903.574423880054 = -3663160.5677525457
1 194888 0 = -362373.64270565135
3 0 41553.31488833552 = -3062479.3072703276
1 410780 0 = -253398.6358042318
3 0 36525.43769774576 = -2519159.4380135247
1 698844 0 = -206541.59154857337
3 0 43580.92945638236 = -4467916.887868319
1 943796 0 = -233910.61695683788
3 0 39184.21906532672 = -3551657.6160812136
1 327230 0 = -227020.8638393289
3 0 48842.80468043694 = -2342500.9124737554
1 210042 0 = -303876.9510184105
3 0 42221.75874445481 = -2828435.618291028
1 456668 0 = -384279.32442563697
3 0 38188.89522254201 = -4125164.4619389875
1 730171 0 = -311081.8365339374
5 8998882739 0 730171 = 1709.2641867664145
5 9591130507 0 730171 = 1953.4447848759023
5 5615472657 0 730171 = 2034.8383175790648
Profit: -8.366943994788162E7
Revenue 5697.547289221382
Expense 8.367513749517085E7
input12.txt testing...
0 284237 1 = 0
3 0 140000.0 = -4712399.999999999
2 0 20 20 4 = 0
4 3348278660 0 284237 = -0.84
4 4005818380 0 284237 = -1.75
4 9936964288 0 284237 = -1.75
3 0 0.0 = -0.0
1 681323 0 = -181301.83944325492
3 0 37942.14111996311 = -2433229.510023234
1 342285 0 = -226434.5259749521
3 0 37247.11662663409 = -3306426.542946308
1 518371 0 = -282651.72908512875
3 0 36742.8104705813 = -2202731.487711349
1 522644 0 = -211659.8693280803
3 0 37030.91871593805 = -3641620.5465253484
1 362331 0 = -245467.66666970152
3 0 36709.78923815528 = -2782234.926359789
1 225338 0 = -278336.80687975377
3 0 38960.50473072429 = -3184242.0516420966
1 480901 0 = -230626.63676163927
5 3348278660 0 480901 = 644.596026652546
5 9936964288 0 480901 = 736681.1733171956
5 4005818380 0 480901 = 157158.6503076684
Profit: -2.302488405969912E7
Revenue 894484.4196515165
Expense 2.3919368479350634E7
input13.txt testing...
0 630967 1 = 0
3 0 140000.0 = -6113800.0
2 0 20 20 4 = 0
4 8928693712 0 630967 = -14269.5
4 8205847633 0 630967 = -11415.6
4 1388191349 0 630967 = -11415.6
3 0 0.0 = -0.0
1 842517 0 = -248606.05107507846
3 0 46817.899549499096 = -3733727.489072553
1 978830 0 = -295494.38605655544
3 0 41852.548399765146 = -2955626.967991415
1 817724 0 = -279859.19758160954
3 0 44416.66479174748 = -2657893.221138169
1 714778 0 = -333068.4373380245
3 0 46486.04554609218 = -3083419.4010722945
1 560160 0 = -409197.2585519056
3 0 43090.51106742007 = -3033571.979146373
1 269741 0 = -288510.05811221525
3 0 44570.633274353415 = -2554342.9929531943
1 680401 0 = -265121.33916418033
3 0 41743.93423112562 = -3760711.0348821073
1 778911 0 = -408928.8678450097
5 8928693712 0 778911 = 35888.35249476392
5 8205847633 0 778911 = 3051.730654316661
5 1388191349 0 778911 = 3204.3171870324936
Profit: -3.0416834981644567E7
Revenue 42144.40033611308
Expense 3.045897938198068E7
input14.txt testing...
0 846002 1 = 0
3 0 140000.0 = -6006000.0
2 0 20 20 4 = 0
4 8914445631 0 846002 = -13371.75
4 8711852864 0 846002 = -22286.25
4 2743474948 0 846002 = -10697.4
3 0 0.0 = -0.0
1 360673 0 = -211652.94346321878
3 0 43239.672711291205 = -2211709.259182545
1 378682 0 = -190975.80500784144
3 0 54074.588004386416 = -3884177.656355076
1 495035 0 = -209196.11473824762
3 0 43968.52834748254 = -3264663.2298005787
1 374837 0 = -233463.11947911413
3 0 43010.743499469536 = -2441289.801029891
1 731376 0 = -257301.70557763547
3 0 58962.554909444094 = -6155101.106996869
1 367498 0 = -255749.16526971298
3 0 50772.99000641162 = -5065621.212939687
1 880760 0 = -217765.8244872853
3 0 52383.81702767177 = -3503429.682810688
1 751810 0 = -212439.78435837582
3 0 42831.465935529064 = -1978813.726221443
1 414067 0 = -231114.60393397504
3 0 63869.2047533788 = -5009261.7288075
1 856038 0 = -271049.25861564605
3 0 43550.32401474804 = -3985725.6538297404
1 961280 0 = -238533.8382505364
5 2743474948 0 961280 = 4093.6226852996597
5 8711852864 0 961280 = 1004302.0987935166
5 8914445631 0 961280 = 45848.574075356184
Profit: -4.502714632560142E7
Revenue 1054244.2955541725
Expense 4.60813906211556E7
input15.txt testing...
0 911168 1 = 0
3 0 140000.0 = -6745200.0
2 0 20 20 4 = 0
4 4200732463 0 911168 = -14978.25
4 3608703368 0 911168 = -11982.6
4 2084393977 0 911168 = -11982.6
3 0 0.0 = -0.0
1 298595 0 = -259910.76769731034
3 0 41240.28323456904 = -4368583.203037899
1 584803 0 = -311723.0182647443
3 0 48145.7766028996 = -4739951.706555465
1 681623 0 = -219794.58482566217
3 0 41964.53726628718 = -3185108.3785111974
1 984753 0 = -220800.10128332165
3 0 54402.60569793518 = -4236874.931755192
1 394572 0 = -252646.5618995792
3 0 46064.0374323086 = -2619661.80877539
1 510062 0 = -240121.41518609048
3 0 40212.4267620926 = -3083086.7598496396
1 853051 0 = -241348.98586442554
3 0 56927.794001500515 = -2924380.7778570815
1 435483 0 = -237073.38084366222
3 0 40728.158686554176 = -3794642.544826253
1 841029 0 = -265020.31604747684
3 0 48124.58459396768 = -4054977.497887717
1 758588 0 = -287361.1315813118
3 0 46832.881979576516 = -3425825.3168060225
1 492556 0 = -266470.9995333813
3 0 41131.954113232816 = -4189700.8459738945
1 143728 0 = -254326.81462010986
3 0 88412.89421844047 = -4580672.049457401
1 388359 0 = -200926.07459361508
5 3608703368 0 388359 = 6052.542338687462
5 2084393977 0 388359 = 8358.272753425543
5 4200732463 0 388359 = 71016.49677393289
Profit: -5.515970611166781E7
Revenue 85427.31186604589
Expense 5.524513342353386E7
input16.txt testing...
0 380080 1 = 0
3 0 140000.0 = -4635400.0
2 0 20 20 4 = 0
4 5591051753 0 380080 = -11736.9
4 2431636590 0 380080 = -11736.9
4 5622918837 0 380080 = -11736.9
3 0 0.0 = -0.0
1 287758 0 = -186787.92538407157
3 0 39657.984364582255 = -2770110.2078660703
1 125571 0 = -253380.2511809698
3 0 58984.81828378976 = -3023561.785227063
1 443621 0 = -250532.20569916596
3 0 38700.97304717376 = -2494664.72262082
1 417282 0 = -262524.997954448
5 2431636590 0 417282 = 3887.6441510521404
5 5622918837 0 417282 = 3887.6441510521404
5 5591051753 0 417282 = 4241.066346602335
Profit: -1.3900156441283904E7
Revenue 12016.354648706616
Expense 1.3912172795932611E7
input17.txt testing...
0 534970 1 = 0
3 0 140000.0 = -5051200.0
2 0 20 20 4 = 0
4 6235990382 0 534970 = -12757.5
4 2154575401 0 534970 = -10206.0
4 2713395024 0 534970 = -10206.0
3 0 0.0 = -0.0
1 784311 0 = -179049.6379597327
3 0 63776.80392391863 = -4896783.005278473
1 520548 0 = -182005.92320799062
3 0 42193.14512839368 = -2585174.002016681
1 956189 0 = -226737.11560997454
3 0 37151.87026219185 = -2247688.1508626067
1 725492 0 = -286965.8893587133
3 0 57513.360006658346 = -6010146.120695797
1 509816 0 = -263096.6898819555
3 0 52373.31207656491 = -4147966.316463941
1 174630 0 = -209946.87779542065
3 0 64944.048985556576 = -6586625.448115148
1 758574 0 = -251611.89346579672
3 0 40657.18478952952 = -2303229.5183268473
1 951649 0 = -229909.90489259388
3 0 47245.06920282723 = -4438201.80091359
1 957944 0 = -270492.5598202627
3 0 49104.73806941579 = -3570405.505027222
1 221401 0 = -278964.20375709044
3 0 41105.65974066012 = -2816970.8620274384
1 348166 0 = -264139.12353065977
3 0 40537.91431903915 = -1921902.517865646
1 436747 0 = -189833.19456465697
3 0 55976.19520208785 = -5166043.055200689
1 620175 0 = -266640.909542626
3 0 50045.56280848256 = -3479167.5264457073
1 227300 0 = -240011.8719048066
3 0 52518.91322876263 = -2201067.6534174415
1 933030 0 = -184559.39495336486
3 0 68706.5630988735 = -6839738.356492857
1 443272 0 = -250693.65370762805
5 2154575401 0 443272 = 5210.409761502234
5 2713395024 0 443272 = 4776.2089480437135
5 6235990382 0 443272 = 58356.589328825015
Profit: -6.800179497506496E7
Revenue 68343.20803837097
Expense 6.807013818310334E7
input18.txt testing...
0 160336 1 = 0
3 0 140000.0 = -7099400.0
2 0 20 20 4 = 0
4 7738136951 0 160336 = -10338.3
4 8821201792 0 160336 = -21538.125
4 5908954037 0 160336 = -10338.3
3 0 0.0 = -0.0
1 211062 0 = -440070.6479639891
3 0 40075.21433406201 = -3315021.7297136094
1 243403 0 = -381314.60522548406
3 0 38230.21726250219 = -2834388.3078419124
1 811391 0 = -403370.6347443774
3 0 39800.835221321206 = -2981480.5664291712
1 217217 0 = -326655.85409286915
3 0 43067.283038921945 = -3652536.2745309705
1 681038 0 = -290529.25741218514
5 5908954037 0 681038 = 572.595914615372
5 8821201792 0 681038 = 116601.34988531211
5 7738136951 0 681038 = 650.6771756992863
Profit: -2.164915797997894E7
Revenue 117824.62297562677
Expense 2.1766982602954566E7
input19.txt testing...
0 192724 1 = 0
3 0 140000.0 = -7268800.0
2 0 20 20 4 = 0
4 1022424270 0 192724 = -13078.8
4 7949714772 0 192724 = -13078.8
4 8556884409 0 192724 = -16348.5
3 0 0.0 = -0.0
1 447565 0 = -287773.54933598015
3 0 37724.63084886718 = -2199345.9784889566
1 638857 0 = -262765.8924929114
3 0 38082.855378514214 = -2710356.8172888565
1 525926 0 = -325029.38249306555
3 0 37786.512683430265 = -3636951.845780163
1 340519 0 = -322448.1932601213
3 0 36517.31719736665 = -3044813.907916431
1 464806 0 = -285493.97469099995
3 0 37033.906782734586 = -2656071.7944577243
1 757384 0 = -304167.5196366738
5 7949714772 0 757384 = 525.09648710796
5 1022424270 0 757384 = 551.351311463358
5 8556884409 0 757384 = 6175.134688389609
Profit: -2.333927337335492E7
Revenue 7251.582486960928
Expense 2.334652495584188E7
input2.txt testing...
0 545206 1 = 0
3 0 140000.0 = -5913600.0
2 0 20 20 4 = 0
4 2336122187 0 545206 = -10791.9
4 4070838302 0 545206 = -13489.875
4 5462672060 0 545206 = -10791.9
3 0 0.0 = -0.0
1 227851 0 = -176447.37472569017
3 0 36772.89740768226 = -3409950.7766143763
1 766338 0 = -323709.83045644726
3 0 38567.78163282761 = -2876385.154176283
1 530421 0 = -299281.52669710614
3 0 38927.77413522071 = -2534976.6516855727
1 573980 0 = -287140.0396902297
3 0 36817.776330402135 = -1798180.1959768403
1 421291 0 = -264370.4788910741
3 0 35610.36489949726 = -2647986.733926616
1 761992 0 = -224340.20559880842
3 0 36861.478489022906 = -2943757.6721333694
1 948108 0 = -281601.25876164663
3 0 37053.96814645035 = -2624903.103494543
1 420310 0 = -330418.92180651735
3 0 38020.845850235 = -3839345.0139567303
1 337164 0 = -433507.9709053481
3 0 36049.17852173095 = -1756676.4693639493
1 561317 0 = -300754.4113681772
3 0 36100.9126362493 = -2767856.9718212336
1 328140 0 = -368654.8824094737
3 0 37283.31172987011 = -3079974.3820045698
1 927692 0 = -253103.8860060446
3 0 38940.28870388924 = -3902206.3310167403
1 244032 0 = -450818.22393441777
3 0 39148.61407811091 = -2807738.601682115
1 315848 0 = -313509.50601066
3 0 37152.87773091925 = -1875848.7966341132
1 591766 0 = -260164.90634581837
3 0 41073.0092806606 = -3171657.7766526113
1 577376 0 = -225399.83249799002
3 0 37271.563614659535 = -3546389.277934855
1 534531 0 = -327308.58060974156
3 0 37841.248620374376 = -3729633.4640240986
1 240748 0 = -304310.97115987807
3 0 43344.21757973492 = -2860718.360262505
1 387608 0 = -249236.34965042793
3 0 40468.11937818512 = -2230198.058931782
1 611038 0 = -234123.88762277336
3 0 35490.31723013634 = -2482902.593420338
1 901768 0 = -180108.90130309315
3 0 35645.437650719745 = -2489833.819902774
1 730621 0 = -222849.56352781344
5 5462672060 0 730621 = 887.6639095021718
5 2336122187 0 730621 = 887.6639095021718
5 4070838302 0 730621 = 12308.939545096782
Profit: -7.16228711232311E7
Revenue 14084.267364101126
Expense 7.16369553905952E7
input20.txt testing...
0 553210 1 = 0
3 0 140000.0 = -5359200.0
2 0 20 20 4 = 0
4 3607379632 0 553210 = -10017.0
4 8063082702 0 553210 = -10017.0
4 6544446684 0 553210 = -10017.0
3 0 0.0 = -0.0
1 767346 0 = -266013.51089622214
3 0 39495.90960220757 = -2676242.834645585
1 301659 0 = -330067.71950899577
3 0 38303.29036579779 = -1495743.4887844035
1 197739 0 = -227585.35307114347
3 0 37330.11450116821 = -3839402.27644515
1 369083 0 = -245986.0710858451
3 0 38986.67804642458 = -2577409.285649129
1 505121 0 = -275206.8842895885
3 0 40776.04117981187 = -1942162.8413944396
1 218027 0 = -320138.3185943279
5 3607379632 0 218027 = 975.4217805468152
5 8063082702 0 218027 = 1152.7711951916908
5 6544446684 0 218027 = 1330.1206098365662
Profit: -1.9581751270779256E7
Revenue 3458.3135855750725
Expense 1.958520958436483E7
input21.txt testing...
0 308131 1 = 0
3 0 140000.0 = -7530600.0
2 0 20 20 4 = 0
4 7221258011 0 308131 = -14623.875
4 8869912909 0 308131 = -14623.875
4 1271614295 0 308131 = -11699.1
3 0 0.0 = -0.0
1 162101 0 = -162103.00610319842
3 0 37107.64830761458 = -2534823.455893152
1 177517 0 = -182354.84778339622
3 0 37504.815531610744 = -2500071.003337172
1 624573 0 = -268558.31269784947
3 0 37834.4587291731 = -3978671.679959843
1 275120 0 = -297255.90819792915
3 0 37422.306309003965 = -3663643.7876514886
1 458786 0 = -206915.33108916192
3 0 36150.85953286252 = -2747826.8330928804
1 116939 0 = -254717.83989384866
3 0 38952.319068484765 = -2339476.283253195
1 900937 0 = -209893.34701434724
3 0 38090.473780125816 = -3750007.1436533867
1 365277 0 = -244580.93578427026
3 0 45634.514865799545 = -4241728.156776068
1 881517 0 = -257350.59214604297
5 7221258011 0 881517 = 6551.735679614491
5 1271614295 0 881517 = 557.1203809195996
5 8869912909 0 881517 = 7175.7105062444425
Profit: -3.539724074776045E7
Revenue 14284.566566778532
Expense 3.541152531432723E7
input22.txt testing...
0 738867 1 = 0
3 0 140000.0 = -5451600.0
2 0 20 20 4 = 0
4 3277444798 0 738867 = -12814.199999999999
4 8951737779 0 738867 = -12814.199999999999
4 8186620436 0 738867 = -12814.199999999999
3 0 0.0 = -0.0
1 162372 0 = -250543.51409609936
5 8186620436 0 162372 = 236.52797059425927
3 0 38407.467329871084 = -2036363.917829765
1 128129 0 = -292727.26748536254
3 0 35555.11676984702 = -1916420.7938947545
1 535782 0 = -185805.88319813058
5 3277444798 0 535782 = 573.694050730875
3 0 39873.912791310504 = -2868529.286206878
1 473524 0 = -251139.55864011883
3 0 43942.19000497734 = -3789574.4660292454
1 185610 0 = -461611.6144803682
5 8951737779 0 185610 = 491.4561475615092
Profit: -1.7541457223691836E7
Revenue 1301.6781688866436
Expense 1.754275890186072E7
input23.txt testing...
0 436668 1 = 0
3 0 140000.0 = -5913600.0
2 0 20 20 4 = 0
4 6803311677 0 436668 = -15167.25
4 1765715988 0 436668 = -25278.75
4 2328065291 0 436668 = -25278.75
3 0 0.0 = -0.0
1 733788 0 = -188977.06127315236
3 0 35690.6520168664 = -1884466.4264905457
1 656776 0 = -190325.42279641225
3 0 35819.194176946214 = -2304965.145286489
1 931475 0 = -190870.73237566184
3 0 36109.776836902485 = -3638421.1140862945
1 935771 0 = -262569.74214504095
3 0 37579.64033296167 = -2538128.9080882315
1 128727 0 = -436033.0554912362
3 0 37854.844136685395 = -2052868.197532449
1 272309 0 = -183430.4208657253
3 0 40220.45451170328 = -2703216.7477315776
1 576340 0 = -249228.23672700912
3 0 38993.43921301965 = -2929577.0880741663
1 456389 0 = -402461.4220384192
3 0 49097.069936218715 = -5092839.064483968
1 952339 0 = -275375.8280588523
5 2328065291 0 952339 = 882354.0609347249
5 1765715988 0 952339 = 197647.30964937835
5 6803311677 0 952339 = 9882.365482468915
Profit: -3.0413195627478663E7
Revenue 1089883.7360665721
Expense 3.1503079363545235E7
input24.txt testing...
0 618406 1 = 0
3 0 140000.0 = -5482399.999999999
2 0 20 20 4 = 0
4 1990797648 0 618406 = -11907.0
4 8853699061 0 618406 = -11907.0
4 5027266865 0 618406 = -11907.0
3 0 0.0 = -0.0
1 832744 0 = -198811.02720336468
3 0 35760.615557417565 = -2281527.2725632405
1 525863 0 = -422168.0818092135
3 0 37938.63239207599 = -3601514.372979774
1 110304 0 = -291333.94333341654
5 5027266865 0 110304 = 254.36061109148793
5 1990797648 0 110304 = 242.7987651327839
5 8853699061 0 110304 = 242.7987651327839
Profit: -1.231273573974765E7
Revenue 739.9581413570556
Expense 1.2313475697889008E7
input25.txt testing...
0 769867 1 = 0
3 0 140000.0 = -4620000.0
2 0 20 20 4 = 0
Profit: -4620000.0
Revenue 0.0
Expense 4620000.0
input26.txt testing...
0 301608 1 = 0
3 0 140000.0 = -4620000.0
2 0 20 20 4 = 0
Profit: -4620000.0
Revenue 0.0
Expense 4620000.0
input27.txt testing...
0 811957 1 = 0
3 0 140000.0 = -4620000.0
2 0 20 20 4 = 0
Profit: -4620000.0
Revenue 0.0
Expense 4620000.0
input28.txt testing...
0 364590 1 = 0
3 0 140000.0 = -4620000.0
2 0 20 20 4 = 0
Profit: -4620000.0
Revenue 0.0
Expense 4620000.0
input29.txt testing...
0 467435 1 = 0
3 0 140000.0 = -4620000.0
2 0 20 20 4 = 0
Profit: -4620000.0
Revenue 0.0
Expense 4620000.0
input3.txt testing...
0 688919 1 = 0
3 0 140000.0 = -5082000.0
2 0 20 20 4 = 0
4 3358090940 0 688919 = -27129.375
4 1652863011 0 688919 = -13022.1
4 8990647196 0 688919 = -13022.1
3 0 0.0 = -0.0
1 299509 0 = -210401.61059748515
3 0 35707.843431444955 = -2121045.8998278305
1 271145 0 = -282090.9641925412
3 0 37213.445402488345 = -3954300.7084684116
1 500452 0 = -341906.54284984927
3 0 37500.67051935701 = -3914694.995515678
1 577199 0 = -472649.8049618063
3 0 38706.680773481814 = -2869713.3125459417
1 850646 0 = -349018.5900438292
3 0 39800.28056762308 = -3484912.566501077
1 105496 0 = -310077.6286035707
3 0 39307.04023829321 = -1496025.9514694395
1 339960 0 = -297235.9374530666
3 0 36050.031582057534 = -3802917.831591249
1 333986 0 = -297342.53650851414
3 0 41396.54666410861 = -1912520.455881818
1 688829 0 = -201023.31522042086
3 0 38673.18664775758 = -3305397.2627838403
1 113662 0 = -235126.1725267402
3 0 35523.87959280898 = -3587201.3612818513
1 375833 0 = -372439.8174232901
3 0 36289.143154025456 = -2191501.3550715973
1 928276 0 = -206578.14771015194
3 0 37156.938978391125 = -2153987.7525773332
1 643456 0 = -311668.71959813905
3 0 37734.63304658994 = -2137666.9620893197
1 196132 0 = -235096.0918166695
3 0 40491.75309547376 = -4066586.76337843
1 210073 0 = -238574.7274846337
3 0 38466.32778358422 = -3990112.180991191
1 657339 0 = -306269.21747645154
3 0 36385.720254487474 = -2069255.9108727025
1 734885 0 = -214277.99358312355
3 0 41247.48183281685 = -4006367.9104215004
1 821303 0 = -303291.53608501464
3 0 39888.236740138615 = -2579971.152352166
1 953940 0 = -377869.65063702746
3 0 48091.92193105616 = -3517924.0892567583
1 239898 0 = -281693.99819116533
3 0 37293.96149527513 = -2473708.4659815994
1 192000 0 = -244943.1619719463
5 3358090940 0 192000 = 1605805.4296088677
5 1652863011 0 192000 = 1682.2723548283377
5 8990647196 0 192000 = 1529.3385043893977
Profit: -6.92515455883271E7
Revenue 1609017.0404680856
Expense 7.086056262879518E7
input30.txt testing...
0 209723 1 = 0
3 0 140000.0 = -4620000.0
2 0 20 20 4 = 0
Profit: -4620000.0
Revenue 0.0
Expense 4620000.0
input31.txt testing...
0 342507 1 = 0
3 0 140000.0 = -4620000.0
2 0 20 20 4 = 0
Profit: -4620000.0
Revenue 0.0
Expense 4620000.0
input32.txt testing...
0 986669 1 = 0
3 0 140000.0 = -4620000.0
2 0 20 20 4 = 0
Profit: -4620000.0
Revenue 0.0
Expense 4620000.0
input33.txt testing...
0 928314 1 = 0
3 0 140000.0 = -4620000.0
2 0 20 20 4 = 0
Profit: -4620000.0
Revenue 0.0
Expense 4620000.0
input34.txt testing...
0 933480 1 = 0
3 0 140000.0 = -4620000.0
2 0 20 20 4 = 0
Profit: -4620000.0
Revenue 0.0
Expense 4620000.0
input4.txt testing...
0 877644 1 = 0
3 0 140000.0 = -4881800.0
2 0 20 20 4 = 0
4 8020257662 0 877644 = -10943.1
4 6417639767 0 877644 = -10943.1
4 5107679821 0 877644 = -10943.1
3 0 0.0 = -0.0
1 226048 0 = -240543.94876377928
3 0 40606.93549611411 = -4274692.099675932
1 420599 0 = -280595.72242314834
3 0 38239.34544240123 = -2780382.8071169932
1 118968 0 = -185365.56856063896
3 0 38739.70480861474 = -3690344.2800686406
1 246757 0 = -234320.99168872862
5 6417639767 0 246757 = 880.0849861642224
5 8020257662 0 246757 = 880.0849861642224
5 5107679821 0 246757 = 840.0811231567578
Profit: -1.6598274467202377E7
Revenue 2600.2510954852028
Expense 1.6600874718297862E7
input5.txt testing...
0 770940 1 = 0
3 0 140000.0 = -6314000.0
2 0 20 20 4 = 0
4 4446609145 0 770940 = -12474.0
4 4739936776 0 770940 = -12474.0
4 7600234403 0 770940 = -12474.0
3 0 0.0 = -0.0
1 919336 0 = -242554.0212650812
3 0 36050.1156219758 = -1883618.5412482354
1 762265 0 = -199976.86594054048
3 0 35628.55085052375 = -2374999.199695913
1 581330 0 = -194343.11868289916
3 0 37456.577738467575 = -2055991.5520644851
1 991756 0 = -200459.86412448276
3 0 37538.10349847446 = -2382543.429048174
1 231627 0 = -260290.8211732803
5 7600234403 0 231627 = 502.83144431509044
5 4446609145 0 231627 = 527.9730165308449
5 4739936776 0 231627 = 603.3977331781085
Profit: -1.6144565211049069E7
Revenue 1634.2021940240438
Expense 1.6146199413243093E7
input6.txt testing...
0 860035 1 = 0
3 0 140000.0 = -5436200.0
2 0 20 20 4 = 0
4 8656560051 0 860035 = -1061974.2
4 4389527836 0 860035 = -1061974.2
4 6241885500 0 860035 = -1061974.2
3 0 0.0 = -0.0
1 686764 0 = -220667.37715004056
3 0 36207.01611087263 = -2768026.381676213
1 406687 0 = -282501.16417898424
3 0 35700.75022711832 = -2906041.0684874314
1 877477 0 = -250384.9034311835
3 0 38132.152239348085 = -3301100.4193603634
1 446394 0 = -257028.99133213636
3 0 37890.79051904539 = -2058985.5568049266
1 573615 0 = -208294.67695770366
5 6241885500 0 573615 = 371.2194144668212
5 8656560051 0 573615 = 388.09302421531305
5 4389527836 0 573615 = 354.34580471832925
Profit: -2.087403948113558E7
Revenue 1113.6582434004636
Expense 2.087515313937898E7
input7.txt testing...
0 556721 1 = 0
3 0 140000.0 = -5990600.0
2 0 20 20 4 = 0
4 6711724236 0 556721 = -10546.199999999999
4 8900290530 0 556721 = -21971.25
4 9205527392 0 556721 = -10546.199999999999
3 0 0.0 = -0.0
1 288975 0 = -208781.96544901948
3 0 38080.44162787667 = -1897548.4063170946
1 634045 0 = -436624.3872616868
3 0 37308.02644597815 = -2704458.837068956
1 496768 0 = -447379.8239801983
3 0 35798.220491824686 = -1815327.7611404299
1 688855 0 = -326755.10460394743
3 0 38039.74292910189 = -4000259.3664243547
1 437247 0 = -415187.75328042876
3 0 39189.50950135061 = -1806244.4929172497
1 485027 0 = -263342.88405188185
3 0 36583.73539573993 = -2865238.156194351
1 237070 0 = -321690.8669148502
3 0 39322.65573970701 = -2279534.353230815
1 593042 0 = -224946.63976104173
3 0 41371.74001584794 = -2525744.727967517
1 349552 0 = -255637.89958064817
3 0 35834.566158327565 = -1899948.6977145276
1 604721 0 = -451712.6053004061
3 0 36412.253660413495 = -2579444.0493036923
1 711871 0 = -293591.1383771489
3 0 36801.65997326381 = -1963368.5595736245
1 741727 0 = -380781.76772232284
3 0 37353.04536776975 = -3209000.1275450992
1 714924 0 = -244432.78926049772
3 0 49340.62784625581 = -4906432.033031678
1 585737 0 = -428876.5718596914
3 0 37798.7408864833 = -2918818.77125424
1 292883 0 = -475285.86077473516
3 0 35716.94394029415 = -3040940.607076644
1 775657 0 = -417351.55744959903
3 0 37454.11720443444 = -3975754.5412507164
1 850666 0 = -251033.02160729925
5 6711724236 0 850666 = 835.3247665586599
5 9205527392 0 850666 = 875.1021363947867
5 8900290530 0 850666 = 186688.4557642212
Profit: -5.6076740892579235E7
Revenue 188398.88266717465
Expense 5.626513977524641E7
input8.txt testing...
0 811458 1 = 0
3 0 140000.0 = -5159000.0
2 0 20 20 4 = 0
4 7949072369 0 811458 = -1582796.25
4 1093471249 0 811458 = -1582796.25
4 2670035081 0 811458 = -1266237.0
3 0 0.0 = -0.0
1 514373 0 = -201178.9336288781
3 0 37347.43450138203 = -1766533.6519153698
1 810489 0 = -166935.29228295284
3 0 37801.84674487918 = -2711148.4485427346
1 515096 0 = -190367.26275673707
3 0 36248.48063336336 = -3425118.935046504
1 354222 0 = -219847.80909128615
3 0 36384.807594570986 = -2729588.2657447155
1 855027 0 = -293783.71163301304
3 0 38568.10506645845 = -2380037.7636511507
1 863394 0 = -282227.8472786524
3 0 41509.27029577497 = -3132289.536519179
1 307971 0 = -255333.84456295084
3 0 36869.8253315023 = -2234680.1133423545
1 640120 0 = -207134.33026427618
3 0 40663.17186195243 = -3940667.98514181
1 841890 0 = -298032.093590129
3 0 44961.10325618362 = -2408566.3014337565
1 120716 0 = -243846.43951912815
3 0 39249.93959303043 = -3203580.069583144
1 534473 0 = -248834.40407798724
3 0 40041.95180979549 = -2290399.643520302
1 211022 0 = -254113.24451470558
3 0 39047.66166050508 = -3801289.8626501695
1 143521 0 = -303944.3683926509
3 0 39704.318924620864 = -3721088.769615467
1 107708 0 = -232116.27605868742
3 0 41097.11091315391 = -2848029.786281566
1 562183 0 = -212583.0208443125
3 0 44302.973561620056 = -2422043.5646137684
1 673845 0 = -224170.06972203602
3 0 37262.438584586256 = -3598806.3184993407
1 331413 0 = -284049.8840305191
3 0 36588.88996443871 = -1529415.600513538
1 263357 0 = -260155.41593313465
3 0 39348.1663130848 = -3631442.2690345966
1 677628 0 = -279358.3138180092
5 1093471249 0 677628 = 3308.123364258893
5 2670035081 0 677628 = 309.4333078813591
5 7949072369 0 677628 = 3465.653048271222
Profit: -6.601648573792908E7
Revenue 7083.209720411474
Expense 6.6023568947649494E7
input9.txt testing...
0 480887 1 = 0
3 0 140000.0 = -4697000.0
2 0 20 20 4 = 0
4 3218222623 0 480887 = -1.75
4 5814941394 0 480887 = -1.0499999999999998
4 1964951776 0 480887 = -1.0499999999999998
3 0 0.0 = -0.0
1 669372 0 = -186595.21947681144
3 0 40240.48988800107 = -2500946.4465392665
1 644760 0 = -236712.61097557147
3 0 36941.251500374 = -3640929.747876861
1 331816 0 = -306299.4039576908
3 0 37562.487870416866 = -2177497.4218480657
1 295686 0 = -224944.77218161488
3 0 36889.67785437158 = -2816158.0074027264
1 447630 0 = -235003.52185977693
3 0 37985.197016078455 = -3188097.585559465
1 779397 0 = -223611.54414075133
3 0 37723.59388263036 = -2510505.1728890506
1 235132 0 = -191129.1097674685
3 0 38144.712571430166 = -2387477.559845814
1 810268 0 = -182342.91996665177
3 0 37400.28030862502 = -2233918.742834172
1 562900 0 = -166001.7693492689
3 0 36161.57182235697 = -1877508.809016774
1 440641 0 = -261023.83684227406
3 0 38217.40397771971 = -2114568.9620872317
1 330393 0 = -287789.534845262
3 0 38000.457936690014 = -2466229.7200911823
1 575129 0 = -231809.40292535187
3 0 37818.55830138401 = -2903708.906380264
1 146580 0 = -270327.9717131408
3 0 42228.41835527198 = -2842817.123676909
1 907409 0 = -283961.1432501765
3 0 40911.13746517536 = -1557077.8919245743
1 403444 0 = -258291.92513343712
3 0 50590.65849303198 = -4730226.56909849
1 517157 0 = -275553.173301038
5 5814941394 0 517157 = 8427.544314687062
5 3218222623 0 517157 = 167213.18084696555
5 1964951776 0 517157 = 7374.101275351179
Profit: -4.828305555032013E7
Revenue 183014.8264370038
Expense 4.846607037675714E7
